 -2.3137545847781840e-001
  8.2241674269566090e-001
 -1.0977994628456338e+000
  1.8366000361908781e+000
  5.2740794190984286e-001
 -1.1016656960112832e-001
  4.7372262373262325e-001
 -1.1252785463005062e+000
  1.0286895349456389e+000
 -1.9825238265417076e+000
 -3.7466929999586485e-001
  8.2402231216743171e-001
  4.0122207349118810e-002
  1.5011039424595505e+000
  1.1878905800289774e-001
  1.0225791942269837e+000
  1.3986307224037237e-001
 -1.8620140257138615e+000
  8.1510364007623681e-001
 -1.0023951626205445e+000
  1.6071193506265710e-001
  1.7034281167883578e+000
  1.0858191372305159e-001
  1.2810914157355000e+000
 -3.3251663954153349e-001
  8.0666790144476058e-002
  4.6193770155980840e-001
 -1.0404827171895599e+000
  5.2400174697985979e-001
 -1.9849147673187926e+000
 -5.9290586544359158e-001
  7.7031799184682503e-001
 -1.4525407476357077e+000
  7.5938571274566413e-001
 -4.9404434471963476e-001
  2.5700667559509133e-001
  3.5063101975163563e-001
 -1.7120461890853642e+000
  1.2245362300907905e+000
 -5.7124441472306087e-001
  3.4416393754445301e-001
  9.8864124950616916e-002
 -2.5998914057646372e-001
  3.6606741325773751e-001
 -8.8972207390119973e-001
  4.4589523226574557e-002
  2.6869085569631129e-001
 -1.8157759355679475e+000
  9.9759426943266005e-002
 -7.8247086263688093e-001
 -2.7933069308972114e-001
  1.2075986106919736e+000
  3.9459823906393765e-001
  8.1454638126475698e-001
 -7.4721619727683253e-001
  2.8488048985274539e-001
  2.8268481337313212e-001
 -7.4771427538792756e-001
  5.9220800094554527e-001
 -1.7045651761551510e+000
  7.3440387261599804e-001
 -2.7987259910827822e-001
  2.3012747412536383e-001
  1.7637406102433466e+000
 -1.2831762851622845e+000
  7.7836682798769818e-001
 -2.9605101108617660e-001
 -1.4595194854973934e+000
  3.2874549319800972e-001
 -5.8418737179394431e-001
 -7.6228391445518448e-002
  7.6928205092076185e-001
 -6.8424070605881759e-001
  1.5216321638099661e+000
 -1.1631473649074304e+000
 -1.1363741726808023e-001
  2.2006183313349817e-001
 -7.5122725814720481e-001
  7.0292239697340131e-001
 -4.3602648724424731e-001
  5.3146115708415398e-001
  1.6961201244500423e-001
  2.5721648431023930e-001
  1.7153995550878960e+000
 -1.7933615243685042e+000
  1.0158597596043205e-001
  1.0610611839275372e+000
 -1.6576764260279182e+000
  9.8000483509036174e-002
 -4.9089793910147850e-001
 -2.5620558208686878e-001
  1.1183893405274126e+000
 -5.2453571052741321e-001
  1.8872382722589185e+000
 -7.2377635566449738e-001
  4.1391511918904533e-001
  1.5565788059616284e-001
 -1.6439733991042456e+000
  4.7094091121728920e-001
 -1.1156023736075515e+000
  1.0446793739090090e+000
  2.0147999456981167e+000
  6.1800768353956026e-001
  7.9997341169127267e-001
  3.8586365360340608e-001
 -2.4471121211762450e-002
  1.0375672891069687e-001
 -1.5493957384808277e+000
 -8.4964577158909149e-003
 -9.4812815594637634e-001
 -1.9918328692189919e-002
  8.7934062653851797e-001
 -8.4573908578054413e-001
  1.2771866705512935e+000
 -7.1866184083143758e-001
 -2.7389462821219845e-001
  5.9560095026796023e-001
 -1.7767472473978956e+000
  1.3097255197339899e+000
 -5.6747218263860921e-001
 -1.0607553568704922e-002
  2.8410874201200909e-001
 -4.7048925140396741e-001
  2.4215680806422299e+000
  5.5233340542024822e-001
 -7.3815916007629087e-002
  6.8161874945982981e-001
 -1.0735561237623523e+000
 -1.9532636014100652e-001
 -5.7550875898838627e-001
 -5.8422183986697407e-001
  2.5796861199677046e-001
  1.1061225253503759e-001
  1.4898577721101993e+000
 -1.0705957452294816e+000
  1.8682628802909024e-001
  9.1128225923112782e-001
 -7.1980490547727261e-001
  4.9394195434333271e-001
 -1.2577660891487579e+000
  3.5655692693785712e-002
  1.5615487060861768e+000
  3.0224410082209996e-001
  1.5416213464529402e+000
  3.1540040968760596e-001
 -4.9480588236125683e-001
  7.2619253298518249e-001
 -1.4950370417147247e+000
  1.3186824499181965e-001
 -7.4326759652633312e-001
  2.0966268151305131e-001
  6.0963888024158386e-001
 -4.9043830812047307e-001
  1.2298895073357907e+000
 -8.9585336628684931e-001
  3.9303371896378259e-001
  1.0378675681557203e+000
 -1.2876024309026437e+000
  6.7906348663129346e-001
 -2.0669492086692687e+000
  1.1588643846734072e+000
  1.9281300912807806e+000
 -5.1752747673727173e-001
  1.8730647079390363e+000
 -1.9923887148593389e-002
 -1.6967428473375165e-002
 -2.4402102869821063e-001
 -1.6608758486045885e+000
  7.3141319945806371e-001
 -6.2204957632187130e-001
 -3.4726761949015550e-001
  1.3419626990328277e+000
 -8.4226985578957270e-001
  1.3129896095312439e+000
 -5.4198465555628705e-001
  1.0557103278924605e-001
  7.2063823930411552e-002
 -9.3361653401901523e-001
  7.7156359912507577e-001
 -1.1850749231124715e+000
  4.8420938997057621e-002
  1.6166142973693978e+000
 -8.6808168332936275e-001
  7.5772613799338118e-001
 -2.5346221002290176e-001
 -2.7890340296637900e-001
 -2.5663910337675438e-001
 -2.4002525740787672e+000
  1.4080245488609588e-002
 -6.4642925736811774e-001
  1.7052692197128910e-001
  1.3701780359540263e+000
 -9.3980802555564946e-001
  1.4229999886999847e+000
 -3.8265568788154719e-001
 -9.0423140460733387e-001
  9.5755010344562519e-001
 -5.7575165940562523e-001
  6.4971291452247137e-001
 -9.5889938674328279e-001
 -2.0271858768542761e-001
  1.8824775538306056e+000
  1.9955559106484194e-001
  7.3256135507067432e-001
 -7.9642041097404492e-001
  7.9506630128202516e-001
 -2.2228337653990848e-001
 -6.7752007099476808e-001
  1.0711257465849251e+000
 -9.5574254721141583e-001
 -3.0044637140096080e-002
  1.4480227850891580e+000
 -4.6582270036133056e-001
  2.4170021676118374e+000
 -3.5958337890312470e-001
 -3.4076309988149744e-001
 -6.8010182962210963e-001
 -1.0326733391847909e+000
 -4.8623732675635351e-001
 -1.1421070263131488e+000
 -7.3184077122022184e-001
  1.3583105778409066e+000
 -1.2022702410526714e-001
  1.4675568015825338e+000
 -5.4489408553988805e-001
  3.0156145353179264e-001
  5.4942207144745536e-001
 -1.2787364172674176e+000
 -1.3877276990634346e-001
 -1.5024406955251859e+000
 -4.8095016857916367e-001
  6.5438111324179293e-001
 -1.5311406802364491e+000
  7.3849440079467776e-001
 -1.0175953477399663e-001
  2.7362821886715477e-001
  2.8928876437101148e-001
 -1.8054576976358967e+000
  5.3252709957962052e-001
 -9.9660118306223366e-001
 -2.9586616848902308e-001
  8.2236066030175703e-001
 -2.4320640557071557e-001
  1.8186637522634432e+000
 -2.5236784766093390e-001
  5.6929936378601864e-001
  8.9427147245044192e-001
 -7.6884911491251384e-001
  5.9519630180400074e-001
 -5.9116288849295406e-001
 -9.4858940019309546e-001
  2.1026274410298176e+000
 -3.8940173386135307e-001
  1.2703589192927505e+000
  1.8323968746235930e-001
  3.9455261689722848e-001
  4.4862852531101066e-001
 -4.5065419737015533e-001
  8.8324151645537630e-001
 -7.3065347039359874e-001
 -1.3226442433943775e-001
  1.1996721173815466e+000
  1.0356676949865120e+000
  1.8738944312762011e+000
 -6.8253292047516190e-001
 -7.6651073244851944e-002
  5.5977435071150794e-001
 -3.6439613991760900e-001
  2.2290993863641914e-001
 -8.3599730963001395e-001
 -1.4747107528290271e-001
  1.1208316280446411e+000
 -2.2049581672918750e-001
  8.9442177713101567e-001
  2.4507180391220112e-001
  9.2873920643542229e-001
 -6.9966813926342852e-001
 -1.9334941743937888e+000
  8.7150693924211298e-001
 -1.6470402642960944e+000
  1.8415559470570847e-001
  1.4773719356597570e+000
 -1.0878670629223377e+000
  1.8953379628384113e+000
 -8.9531271978602200e-001
 -6.2054803444502808e-002
  2.8229971732429615e-001
 -1.0267144539199875e+000
 -2.9852989325024204e-001
 -1.4891865936227986e+000
 -4.6171783326938093e-001
  1.5627784285857889e+000
 -2.6577065274792577e-001
  1.7260290803336427e+000
  9.7997932134596955e-002
 -1.6757793007785884e-001
  3.4462542712796401e-001
 -1.6416500187716214e+000
  2.5491923386002713e-001
 -1.3344848531451257e+000
  1.5566314960090441e-001
  1.6020072434087855e+000
  6.5928055907806260e-001
  1.1160908987808829e+000
 -8.2164912255096723e-001
 -3.9038931861492066e-001
  5.0241506221658994e-001
 -1.0899853066164922e+000
  2.3815481497907592e-001
 -1.3677489187329814e+000
  4.5894935428960643e-001
  1.1582177941983187e+000
 -1.2523241041056604e-001
  1.1752146907600036e+000
 -4.0253700997299252e-001
  4.8083530068275143e-001
  2.0261879753431458e-001
 -1.0691940879038289e+000
  9.1380085861417726e-001
 -4.9379628360821842e-001
 -2.7147697446703922e-001
  5.6601114709268019e-001
 -6.1130942668835941e-001
  2.1734387787680904e+000
 -1.4665730875947414e-001
 -6.6046113318626509e-001
 -2.5534205577595104e-001
 -1.6548144366295658e+000
  4.7733686268879794e-001
 -9.9012132544425169e-001
  1.8156100732797167e-001
  1.7116329012481124e+000
 -9.8020536285791426e-001
  7.9205948426426709e-001
 -5.4888101777347154e-001
  7.0837532928159219e-001
  9.0070320022737627e-001
 -1.5325446919320682e+000
 -5.3338133424514489e-002
 -7.7772222725365592e-001
 -1.7778456655275776e-001
  1.3200491751752672e+000
 -1.4718933588560676e+000
  2.2943212788690763e+000
 -6.3364022569005218e-001
  5.7032278833853960e-003
  5.8463387752026108e-001
 -7.0825655788177766e-001
  1.2123525173271272e+000
 -4.6786287320115194e-001
 -1.2826000494496914e+000
  9.4702032810136050e-001
  3.3576362310926766e-001
  1.7117852365459743e+000
 -2.8987898774204868e-001
 -1.7197167345336978e-001
 -9.0592847406198829e-002
 -1.1893179084778116e+000
  7.8880966631741634e-001
  8.3808983418759420e-003
  8.1932256721099606e-002
  9.6579109409390884e-001
 -9.7860161029104042e-001
  2.1244458639662649e+000
 -5.5606016978644723e-001
  1.7208738902467158e-001
  7.2982703209396815e-001
 -1.7988297379338822e+000
  5.6417269481222865e-001
 -2.9931763754105412e-001
 -2.4956366064196708e-002
  1.0876352186483920e+000
  5.0243824882899912e-002
  1.0730120999505166e+000
 -4.1888345414408895e-001
  2.5954458493447402e-001
 -4.9163062942900909e-001
 -7.6456099525744281e-001
  4.2651168754355473e-001
 -1.6297817716344669e+000
 -3.1675380888737009e-001
  7.6464886873312976e-001
  2.5038851743841961e-002
  1.3701228742383629e+000
 -3.5969023045909893e-001
 -4.9266694011263301e-001
  8.2651962253135525e-001
 -1.3295770882948601e+000
  1.5909506997606393e-001
 -9.3796901438366498e-001
 -1.5732206150062128e-001
  5.1735773077110858e-001
 -1.2124783059663100e+000
  1.2485306732613020e+000
 -3.0518546668788044e-001
 -3.4445063305723661e-001
  6.7066147185777647e-001
 -9.4369900554801078e-001
  5.3337160375618131e-001
 -5.2252442492778894e-001
  1.0311838542241125e+000
  8.8867170169246013e-001
  4.1859290907342839e-001
  8.2911828726090675e-001
 -5.1619827325595136e-001
 -5.2224640735046224e-001
 -2.6718483009846028e-002
 -7.6605612858815275e-001
  6.2861538521311877e-001
 -1.0049225000817126e+000
 -1.3338705083809127e-001
  1.2862280866184299e+000
 -3.4888229340692667e-001
  1.5375457184542314e+000
  6.7914253372663436e-002
  5.4345137699708078e-002
  7.8052267065972680e-001
 -1.8657750363579586e+000
  1.2568419808737987e+000
 -9.2468723076964909e-001
 -4.4178800726380990e-001
  1.3724113378365919e+000
 -3.5240229832538494e-002
  1.3761027810423097e+000
  4.7557637410932219e-001
  8.1988953179369306e-001
  6.2518264141273638e-001
 -1.2001970606580223e+000
  5.4537204602777611e-002
  9.0923449950638502e-002
  2.7966760787690975e-001
  7.1192890201404779e-001
 -8.2630899804819258e-001
  3.9422123335126691e-001
 -3.3755776582380093e-001
 -4.9774240440882256e-001
 -3.2437956217825104e-001
 -8.3999304888921256e-001
  1.8128461255273602e+000
 -6.4937836055990605e-001
 -6.2603334593777260e-002
  1.1806436325094591e+000
 -1.0276764127775513e+000
  1.3915155008088378e+000
 -4.9482175323712868e-001
 -2.2435395097942018e-001
  1.3078949313213792e+000
 -1.8247741653718390e+000
  4.4688689974698664e-001
 -5.5310380225867106e-001
 -7.1754722347710165e-001
  8.0187287089230697e-001
 -1.2183948496257080e-001
  1.6740310727734331e+000
 -8.8490330338506840e-001
  4.5735789514783368e-002
  4.7378793757720694e-002
 -1.9187586900198017e-001
  5.0275517856834928e-001
 -1.1686525759619970e-001
  4.6527375941834181e-001
  1.9781889114322215e-002
 -6.7363307297549235e-001
  7.9928256332260383e-001
  2.8718436626951377e-001
  1.8664990896752398e-001
  2.3787871592462706e-002
 -1.3582535384784480e+000
  3.3325990501380970e-001
 -8.0732925739225014e-001
 -1.0175871653983418e-001
  1.8383459329556997e+000
 -9.1629761657958941e-002
  1.6915155881542736e+000
 -4.0248627557663974e-001
  4.4112018746768034e-001
 -1.9732599442184118e-001
 -9.5127017865116947e-001
 -4.1096918270584537e-002
 -1.5497241971057947e+000
  9.1365686557630854e-001
  3.7948964454400236e-001
 -2.4841874944743916e-001
  1.4170843203840127e+000
 -3.3133670680058391e-001
  2.5084085994588456e-001
  7.1341932229697247e-001
 -1.4914305836558188e+000
  3.1135302585661667e-001
 -1.4292109375158242e+000
  2.4928600034727522e-001
  5.3868978185734417e-001
 -4.0003959059087291e-001
  1.4159764270402728e+000
 -3.3011087332688771e-001
 -1.9237103738934422e-001
  2.5726269445386812e-001
 -1.0752195603821817e+000
  1.3593901448156795e+000
 -5.1119571176788969e-001
