  0.0000000000000000e+000
  9.9982235238080897e-001
  3.7690182669934534e-002
 -9.9840155010897502e-001
 -7.5326805527932722e-002
  9.9556196460308000e-001
  1.1285638487348212e-001
 -9.9130763106950670e-001
 -1.5022558912075704e-001
  9.8564459514899794e-001
  1.8738131458572418e-001
 -9.7858090432547207e-001
 -2.2427076094938203e-001
  9.7012659649010546e-001
  2.6084150628989561e-001
 -9.6029368567694329e-001
 -2.9704158157703486e-001
  9.4909614499029438e-001
  3.3281954452298784e-001
 -9.3654988674819295e-001
 -3.6812455268467709e-001
  9.2267273987011489e-001
  4.0290643571366302e-001
 -9.0748442454111644e-001
 -4.3711576665093449e-001
  8.9100652418836679e-001
  4.7070393216533524e-001
 -8.7326245480992182e-001
 -5.0362320163575847e-001
  8.5427743169929626e-001
  5.3582679497899544e-001
 -8.3407843361317158e-001
 -5.6726894912675641e-001
  8.1269416443309361e-001
  5.9790498305751993e-001
 -7.9015501237568919e-001
 -6.2769136129070247e-001
  7.6649300680934773e-001
  6.5658575575295408e-001
 -7.4174177273874087e-001
 -6.8454710592868728e-001
  7.1593648302183199e-001
  7.1153567720928501e-001
 -6.8911380838734837e-001
 -7.3751311735817449e-001
  6.6131186532365072e-001
  7.6244251101144922e-001
 -6.3257016191312232e-001
 -7.8628843213662103e-001
  6.0292954168902135e-001
