  0.0000000000000000e+000
  2.1266270208800999e+000
  5.8778525229247314e-001
  1.3143277802978344e+000
 -9.5105651629515320e-001
  1.6081226496766366e-015
  9.5105651629515409e-001
 -1.3143277802978344e+000
 -5.8778525229247314e-001
 -2.1266270208800995e+000
  4.5027434190945822e-015
  2.1266270208801004e+000
  5.8778525229247314e-001
  1.3143277802978344e+000
 -9.5105651629515853e-001
 -1.8369701987210296e-015
  9.5105651629515486e-001
 -1.3143277802978337e+000
 -5.8778525229247325e-001
 -2.1266270208801021e+000
  9.0054868381891644e-015
  2.1266270208801008e+000
  5.8778525229247325e-001
  1.3143277802978344e+000
 -9.5105651629515164e-001
 -3.0616169978683834e-015
  9.5105651629515575e-001
 -1.3143277802978359e+000
 -5.8778525229247336e-001
 -2.1266270208801048e+000
 -5.1435165564188825e-015
  2.1266270208801012e+000
  5.8778525229247314e-001
  1.3143277802978346e+000
 -9.5105651629515076e-001
 -4.2862637970157365e-015
  9.5105651629515653e-001
 -1.3143277802978335e+000
 -5.8778525229247325e-001
 -2.1266270208801044e+000
  1.8010973676378329e-014
  2.1266270208800950e+000
  5.8778525229247314e-001
  1.3143277802978348e+000
 -9.5105651629514976e-001
 -5.5109105961630896e-015
  9.5105651629515742e-001
 -1.3143277802978330e+000
 -5.8778525229247314e-001
 -2.1266270208800977e+000
 -8.5725275940314730e-015
  2.1266270208801084e+000
  5.8778525229247314e-001
  1.3143277802978375e+000
 -9.5105651629517329e-001
  1.1028010998692062e-014
  9.5105651629513388e-001
 -1.3143277802978355e+000
 -5.8778525229247358e-001
 -2.1266270208801035e+000
 -1.0287033112837765e-014
  2.1266270208800964e+000
  5.8778525229247325e-001
  1.3143277802978326e+000
 -9.5105651629514820e-001
  9.8033641995447074e-015
  9.5105651629515908e-001
 -1.3143277802978355e+000
 -5.8778525229247303e-001
 -2.1266270208801030e+000
 -1.2001538631644062e-014
  2.1266270208800964e+000
  5.8778525229247325e-001
  1.3143277802978326e+000
 -9.5105651629514731e-001
  8.5787174003973559e-015
  9.5105651629513566e-001
 -1.3143277802978350e+000
 -5.8778525229247358e-001
 -2.1266270208801030e+000
  3.6021947352756657e-014
  2.1266270208801097e+000
  5.8778525229247280e-001
  1.3143277802978379e+000
 -9.5105651629514654e-001
 -2.8173066186755008e-014
  9.5105651629516075e-001
 -1.3143277802978399e+000
 -5.8778525229247292e-001
 -2.1266270208801150e+000
 -1.5430549669256651e-014
  2.1266270208800844e+000
  5.8778525229247336e-001
  1.3143277802978333e+000
 -9.5105651629514565e-001
  6.1294238021026498e-015
  9.5105651629516152e-001
 -1.3143277802978348e+000
 -5.8778525229247292e-001
 -2.1266270208801017e+000
 -1.7145055188062946e-014
  2.1266270208800977e+000
  5.8778525229247391e-001
  1.3143277802978286e+000
 -9.5105651629514498e-001
  4.9047770029552967e-015
  9.5105651629518684e-001
 -1.3143277802978397e+000
 -5.8778525229247391e-001
 -2.1266270208801012e+000
  3.0878430796337775e-014
  2.1266270208801110e+000
  5.8778525229247225e-001
  1.3143277802978335e+000
 -9.5105651629516841e-001
 -3.1847006584197066e-014
  9.5105651629511467e-001
 -1.3143277802978344e+000
 -5.8778525229247347e-001
 -2.1266270208800879e+000
 -2.0574066225675530e-014
  2.1266270208800990e+000
  5.8778525229247280e-001
  1.3143277802978386e+000
 -9.5105651629514310e-001
  2.4554834046605898e-015
  9.5105651629513988e-001
 -1.3143277802978295e+000
 -5.8778525229247292e-001
 -2.1266270208801004e+000
  2.7449419758725181e-014
  2.1266270208800861e+000
  5.8778525229247336e-001
  1.3143277802978339e+000
 -9.5105651629516663e-001
  3.6757973393518244e-014
  9.5105651629516497e-001
 -1.3143277802978339e+000
 -5.8778525229247336e-001
 -2.1266270208801128e+000
 -2.4003077263288124e-014
  2.1266270208800995e+000
  5.8778525229247280e-001
  1.3143277802978290e+000
 -9.5105651629514143e-001
  6.1898063658835772e-018
  9.5105651629514143e-001
 -1.3143277802978388e+000
 -5.8778525229247280e-001
 -2.1266270208800995e+000
  2.4020408721112597e-014
  2.1266270208800870e+000
  5.8778525229247236e-001
  1.3143277802978339e+000
 -9.5105651629516497e-001
  3.4308679795223541e-014
  9.5105651629511789e-001
 -1.3143277802978339e+000
 -5.8778525229247336e-001
 -2.1266270208800861e+000
  7.2043894705513315e-014
  2.1266270208800746e+000
  5.8778525229247391e-001
  1.3143277802978393e+000
 -9.5105651629518850e-001
  6.8611169784081199e-014
  9.5105651629519194e-001
 -1.3143277802978286e+000
 -5.8778525229247280e-001
 -2.1266270208801243e+000
 -7.8884585322914029e-014
  2.1266270208801137e+000
  5.8778525229247347e-001
  1.3143277802978246e+000
 -9.5105651629521193e-001
 -3.9194887379081187e-014
  9.5105651629516841e-001
 -1.3143277802978335e+000
 -5.8778525229247436e-001
 -2.1266270208800853e+000
 -3.0861099338513302e-014
  2.1266270208801012e+000
  5.8778525229247180e-001
  1.3143277802978397e+000
 -9.5105651629513810e-001
 -4.8923973902235293e-015
  9.5105651629514498e-001
 -1.3143277802978286e+000
 -5.8778525229247280e-001
 -2.1266270208800977e+000
  1.7162386645887419e-014
  2.1266270208801146e+000
  5.8778525229247336e-001
  1.3143277802978348e+000
 -9.5105651629516152e-001
  2.9410092598634128e-014
  9.5105651629517007e-001
 -1.3143277802978333e+000
 -5.8778525229247336e-001
 -2.1266270208801101e+000
 -3.4290110376125892e-014
  2.1266270208801021e+000
  5.8778525229247292e-001
  1.3143277802978304e+000
 -9.5105651629508769e-001
  6.3712582587491793e-014
  9.5105651629509791e-001
 -1.3143277802978477e+000
 -5.8778525229247280e-001
 -2.1266270208800968e+000
  1.3733375608274831e-014
  2.1266270208800897e+000
  5.8778525229247458e-001
  1.3143277802978452e+000
 -9.5105651629520860e-001
  9.8015072576349438e-014
  9.5105651629507437e-001
 -1.3143277802978326e+000
 -5.8778525229247325e-001
 -2.1266270208801092e+000
  6.1756861592675550e-014
  2.1266270208801288e+000
  5.8778525229247403e-001
  1.3143277802978206e+000
 -9.5105651629523213e-001
 -9.7909845868129416e-015
  9.5105651629514820e-001
 -1.3143277802978375e+000
 -5.8778525229247380e-001
 -2.1266270208800702e+000
 -8.9171618435751781e-014
  2.1266270208801163e+000
  5.8778525229247158e-001
  1.3143277802978353e+000
 -9.5105651629515831e-001
  2.4511505402044713e-014
  9.5105651629512467e-001
 -1.3143277802978424e+000
 -5.8778525229247214e-001
 -2.1266270208800826e+000
 -4.1148132451351060e-014
  2.1266270208800528e+000
  5.8778525229247314e-001
  1.3143277802978308e+000
 -9.5105651629518184e-001
  5.8813995390902374e-014
  9.5105651629519861e-001
 -1.3143277802978275e+000
 -5.8778525229247258e-001
 -2.1266270208800950e+000
  6.8753535330496512e-015
  2.1266270208800915e+000
  5.8778525229247258e-001
  1.3143277802978262e+000
 -9.5105651629510801e-001
 -4.8992061772260005e-014
  9.5105651629517507e-001
 -1.3143277802978321e+000
 -5.8778525229247314e-001
 -2.1266270208801075e+000
  5.4898839517450363e-014
  2.1266270208800795e+000
  5.8778525229247214e-001
  1.3143277802978410e+000
 -9.5105651629513133e-001
 -1.4689571783402354e-014
  9.5105651629515164e-001
 -1.3143277802978368e+000
 -5.8778525229247358e-001
 -2.1266270208801199e+000
  1.0292232550185108e-013
  2.1266270208801186e+000
  5.8778525229247358e-001
  1.3143277802978361e+000
 -9.5105651629515486e-001
  1.9612918205455301e-014
  9.5105651629512811e-001
 -1.3143277802978417e+000
 -5.8778525229247414e-001
 -2.1266270208801323e+000
 -4.8006154526576247e-014
  2.1266270208801057e+000
  5.8778525229247314e-001
  1.3143277802978315e+000
 -9.5105651629517840e-001
  5.3915408194312962e-014
  9.5105651629510457e-001
 -1.3143277802978464e+000
 -5.8778525229247258e-001
 -2.1266270208800937e+000
  1.7331457824474017e-017
  2.1266270208800937e+000
  5.8778525229247258e-001
  1.3143277802978268e+000
 -9.5105651629520194e-001
  8.8217898183170613e-014
  9.5105651629517840e-001
 -1.3143277802978315e+000
 -5.8778525229247314e-001
 -2.1266270208801057e+000
  4.8040817442225194e-014
  2.1266270208800808e+000
  5.8778525229247214e-001
  1.3143277802978219e+000
 -9.5105651629522547e-001
 -1.9588158979991766e-014
  9.5105651629515486e-001
 -1.3143277802978361e+000
 -5.8778525229247358e-001
 -2.1266270208800671e+000
  9.6064303426625909e-014
  2.1266270208800688e+000
  5.8778525229247158e-001
  1.3143277802978368e+000
 -9.5105651629515164e-001
  1.4714331008865889e-014
  9.5105651629513133e-001
 -1.3143277802978213e+000
 -5.8778525229247203e-001
 -2.1266270208801306e+000
  1.4408778941102663e-013
  2.1266270208800560e+000
  5.8778525229247103e-001
  1.3143277802978126e+000
 -9.5105651629507770e-001
 -9.3091726154296488e-014
  9.5105651629520527e-001
 -1.3143277802978262e+000
 -5.8778525229247469e-001
 -2.1266270208801430e+000
  1.9211127539542735e-013
  2.1266270208800440e+000
  5.8778525229247480e-001
  1.3143277802978470e+000
 -9.5105651629510113e-001
 -5.8789236165438830e-014
  9.5105651629518184e-001
 -1.3143277802978504e+000
 -5.8778525229247514e-001
 -2.1266270208801554e+000
 -1.5776917064582806e-013
  2.1266270208801341e+000
  5.8778525229247425e-001
  1.3143277802978424e+000
 -9.5105651629512467e-001
 -2.4486746176581178e-014
  9.5105651629506083e-001
 -1.3143277802978552e+000
 -5.8778525229247558e-001
 -2.1266270208800648e+000
 -1.0974568466142732e-013
  2.1266270208801217e+000
  5.8778525229247380e-001
  1.3143277802978375e+000
 -9.5105651629514820e-001
  1.5192429096429650e-013
  9.5105651629503729e-001
 -1.3143277802978206e+000
 -5.8778525229247192e-001
 -2.1266270208800773e+000
 -6.1722198677026603e-014
  2.1266270208801092e+000
  5.8778525229247325e-001
  1.3143277802978326e+000
 -9.5105651629526922e-001
  1.8622678095315416e-013
  9.5105651629520860e-001
 -1.3143277802978255e+000
 -5.8778525229247247e-001
 -2.1266270208800897e+000
 -1.3698712692625882e-014
  2.1266270208800968e+000
  5.8778525229247280e-001
  1.3143277802978084e+000
 -9.5105651629509791e-001
 -6.3687823362028248e-014
  9.5105651629518506e-001
 -1.3143277802978304e+000
 -5.8778525229247303e-001
 -2.1266270208801021e+000
  3.4324773291774839e-014
  2.1266270208800844e+000
  5.8778525229247436e-001
  1.3143277802978428e+000
 -9.5105651629512145e-001
 -2.9385333373170597e-014
  9.5105651629516152e-001
 -1.3143277802978348e+000
 -5.8778525229247336e-001
 -2.1266270208801146e+000
  8.2348259276175560e-014
  2.1266270208801235e+000
  5.8778525229247391e-001
  1.3143277802978384e+000
 -9.5105651629514498e-001
  4.9171566156870634e-015
  9.5105651629513799e-001
 -1.3143277802978397e+000
 -5.8778525229247391e-001
 -2.1266270208800755e+000
 -6.8580220752251784e-014
  2.1266270208801110e+000
  5.8778525229247336e-001
  1.3143277802978335e+000
 -9.5105651629516841e-001
  3.9219646604544713e-014
  9.5105651629511456e-001
 -1.3143277802978441e+000
 -5.8778525229247025e-001
 -2.1266270208800879e+000
  1.7839523124497701e-013
  2.1266270208800990e+000
  5.8778525229247081e-001
  1.3143277802978290e+000
 -9.5105651629528931e-001
  7.3522136593402383e-014
  9.5105651629518850e-001
 -1.3143277802978099e+000
 -5.8778525229247292e-001
 -2.1266270208801519e+000
  2.7466751216549661e-014
  2.1266270208800351e+000
  5.8778525229247236e-001
  1.3143277802978042e+000
 -9.5105651629502053e-001
 -3.4283920569760009e-014
  9.5105651629526244e-001
 -1.3143277802978339e+000
 -5.8778525229247547e-001
 -2.1266270208801128e+000
  2.7444220321377848e-013
  2.1266270208800742e+000
  5.8778525229246981e-001
  1.3143277802978584e+000
 -9.5105651629514143e-001
 -1.4208997773292239e-013
  9.5105651629514143e-001
 -1.3143277802978584e+000
 -5.8778525229247391e-001
 -2.1266270208801767e+000
  1.2351372318535110e-013
  2.1266270208801128e+000
  5.8778525229247547e-001
  1.3143277802978339e+000
 -9.5105651629506760e-001
  3.4321059407955307e-014
  9.5105651629502042e-001
 -1.3143277802978437e+000
 -5.8778525229247647e-001
 -2.1266270208801377e+000
 -2.7414756843076238e-014
  2.1266270208801519e+000
  5.8778525229247292e-001
  1.3143277802978490e+000
 -9.5105651629518850e-001
  2.1073209654883303e-013
  9.5105651629509436e-001
 -1.3143277802978681e+000
 -5.8778525229247081e-001
 -2.1266270208800990e+000
 -1.7834323687150356e-013
  2.1266270208800879e+000
  5.8778525229247447e-001
  1.3143277802978246e+000
 -9.5105651629530941e-001
  1.0292603938567062e-013
  9.5105651629516830e-001
 -1.3143277802978137e+000
 -5.8778525229247336e-001
 -2.1266270208800599e+000
  6.8632215125725211e-014
  2.1266270208801270e+000
  5.8778525229247180e-001
  1.3143277802978006e+000
 -9.5105651629523547e-001
 -4.8800177774917619e-015
  9.5105651629524224e-001
 -1.3143277802978384e+000
 -5.8778525229247180e-001
 -2.1266270208801235e+000
 -8.2296264902702121e-014
  2.1266270208800631e+000
  5.8778525229246936e-001
  1.3143277802978544e+000
 -9.5105651629516164e-001
 -1.1268607494065414e-013
  9.5105651629512145e-001
 -1.3143277802978233e+000
 -5.8778525229247436e-001
 -2.1266270208800844e+000
  1.6467918709452665e-013
  2.1266270208799996e+000
  5.8778525229247502e-001
  1.3143277802978304e+000
 -9.5105651629508769e-001
  6.3724962200223546e-014
  9.5105651629519528e-001
 -1.3143277802978477e+000
 -5.8778525229247280e-001
 -2.1266270208801483e+000
