  0.0000000000000000e+000
  9.9982235238080897e-001
  3.7690182669934534e-002
 -9.9840155010897502e-001
 -7.5326805527932722e-002
  9.9556196460308000e-001
  1.1285638487348212e-001
 -9.9130763106950670e-001
 -1.5022558912075704e-001
  9.8564459514899794e-001
  1.8738131458572418e-001
 -9.7858090432547207e-001
 -2.2427076094938203e-001
  9.7012659649010546e-001
  2.6084150628989561e-001
 -9.6029368567694329e-001
 -2.9704158157703486e-001
  9.4909614499029438e-001
  3.3281954452298784e-001
 -9.3654988674819295e-001
 -3.6812455268467709e-001
  9.2267273987011489e-001
  4.0290643571366302e-001
 -9.0748442454111644e-001
 -4.3711576665093449e-001
  8.9100652418836679e-001
  4.7070393216533524e-001
 -8.7326245480992182e-001
 -5.0362320163575847e-001
  8.5427743169929626e-001
  5.3582679497899544e-001
 -8.3407843361317158e-001
 -5.6726894912675641e-001
  8.1269416443309361e-001
  5.9790498305751993e-001
 -7.9015501237568919e-001
 -6.2769136129070247e-001
  7.6649300680934773e-001
  6.5658575575295408e-001
 -7.4174177273874087e-001
 -6.8454710592868728e-001
  7.1593648302183199e-001
  7.1153567720928501e-001
 -6.8911380838734837e-001
 -7.3751311735817449e-001
  6.6131186532365072e-001
  7.6244251101144922e-001
 -6.3257016191312232e-001
 -7.8628843213662103e-001
  6.0292954168902135e-001
  8.0901699437495023e-001
 -5.7243212559458645e-001
 -8.3059589919581611e-001
  5.4112125212687012e-001
  8.5099448179468828e-001
 -5.0904141575037654e-001
 -8.7018375466952302e-001
  4.7623820366794328e-001
  8.8813644881354259e-001
 -4.4275823103890460e-001
 -9.0482705246601836e-001
  4.0864907473635098e-001
  9.2023184736586983e-001
 -3.7395920573780117e-001
 -9.3432894245661202e-001
  3.3873792024529087e-001
  9.4709830499474468e-001
 -3.0303526963277216e-001
 -9.5852178901737661e-001
  2.6690198932037246e-001
  9.6858316112863208e-001
 -2.3038942667658616e-001
 -9.7726812356819459e-001
  1.9354946805085449e-001
  9.8456433452920655e-001
 -1.5643446504023778e-001
 -9.9046142569665030e-001
  1.1909716009487538e-001
  9.9495101698129962e-001
 -8.1590611568161886e-002
 -9.9802672842827134e-001
  4.3968118317853723e-002
  9.9968418928329994e-001
 -6.2831439655464342e-003
 -9.9992104420381611e-001
 -3.1410759078142135e-002
  9.9873695660601747e-001
  6.9060025714392584e-002
 -9.9613360914317228e-001
 -1.0661115427524806e-001
  9.9211470131447743e-001
  1.4401078255224167e-001
 -9.8668594420786737e-001
 -1.8120576362712826e-001
  9.7985505238424575e-001
  2.1814324139653482e-001
 -9.7163173291467231e-001
 -2.5477072568337578e-001
  9.6202767158608360e-001
  2.9103616682826677e-001
 -9.5105651629515064e-001
 -3.2688802965493874e-001
  9.3873385765387030e-001
  3.6227536670454324e-001
 -9.2507720683445338e-001
 -3.9714789063477945e-001
  9.1010597068499011e-001
  4.3145604568095902e-001
 -8.9384142415126988e-001
 -4.6515107807745959e-001
  8.7630668004386947e-001
  4.9818510533949317e-001
 -8.5752665619365787e-001
 -5.3051118430673749e-001
  8.3752804004214687e-001
  5.6208337785213502e-001
 -8.1633925071718871e-001
 -5.9285682016106467e-001
  7.9399039864783949e-001
  6.2278778048811878e-001
 -7.7051324277579281e-001
 -6.5183372530088590e-001
  7.4594114542418499e-001
  6.7995337872242700e-001
 -7.2030902488790893e-001
 -7.0710678118655601e-001
  6.9365330581280604e-001
  7.3325534622256905e-001
 -6.6601186743425178e-001
 -7.5836191528871288e-001
  6.3742398974868886e-001
  7.8239081057658044e-001
 -6.0793029769460349e-001
 -8.0530788571111533e-001
  5.7757270342226452e-001
  8.2708057427455639e-001
 -5.4639434673426479e-001
 -8.4767793608507880e-001
  5.1443953378150098e-001
  8.6707070116448648e-001
 -4.8175367410170850e-001
 -8.8523131133245248e-001
  4.4838321609002413e-001
  9.0213395936820095e-001
 -4.1437558099327465e-001
 -9.1775462568397992e-001
  3.7977909552179023e-001
  9.3207111245821028e-001
 -3.4464292317450479e-001
 -9.4506307517980470e-001
  3.0901699437496077e-001
  9.5671205155883077e-001
 -2.7295193551733743e-001
 -9.6700148776243566e-001
  2.3649899702373572e-001
  9.7591676193874821e-001
 -1.9970998051441685e-001
 -9.8344520499533061e-001
  1.6263716519489219e-001
  9.8957611860265182e-001
 -1.2533323356431156e-001
 -9.9430079039699670e-001
  8.7851196550720892e-002
  9.9761250636122578e-001
 -5.0244318179774268e-002
 -9.9950656036573093e-001
  1.2566039883327575e-002
  9.9998026085613700e-001
  2.5130095443335422e-002
 -9.9903293467812537e-001
 -6.2790519529341018e-002
  9.9666592803402876e-001
  1.0036171485121549e-001
 -9.9288260456981525e-001
 -1.3779029068461182e-001
  9.8768834059513511e-001
  1.7502305897527926e-001
 -9.8109051744333609e-001
 -2.1200710992203134e-001
  9.7309851098212208e-001
  2.4868988716486051e-001
 -9.6372367829001171e-001
 -2.8501926246995585e-001
  9.5297934151721209e-001
  3.2094360980721759e-001
 -9.4088076895422712e-001
 -3.5641187871323338e-001
  9.2744515333465205e-001
  3.9137366683721275e-001
 -9.1269158740350376e-001
 -4.2577929156505828e-001
  8.9664103678522378e-001
  4.5957986062150019e-001
 -8.7931631019055612e-001
 -4.9272734154828007e-001
  8.6074202700395730e-001
  5.2517462996130981e-001
 -8.4094458229816749e-001
 -5.5687561648817918e-001
  8.1995210932546614e-001
  5.8778525229248868e-001
 -7.9779443953856755e-001
 -6.1785961309032811e-001
  7.7450306019874737e-001
  6.4705596156946099e-001
 -7.5011106963045404e-001
 -6.7533280812102059e-001
  7.2465313018705957e-001
  7.0264996979886662e-001
 -6.9816541899346485e-001
 -7.2896862742140978e-001
  6.7068557653673200e-001
  7.5425138073612163e-001
 -6.4225265317657398e-001
 -7.7846230156702345e-001
  6.1290705365298714e-001
  8.0156698487086042e-001
 -5.8269047966856280e-001
 -8.2353259762842901e-001
  5.5164587062843928e-001
  8.4432792550200197e-001
 -5.1981734262069335e-001
 -8.6392341719283805e-001
  4.8725012572533943e-001
  8.8229122643494307e-001
 -4.5399049973952754e-001
 -8.9940525156637452e-001
  4.2008572841181124e-001
  9.1524117262090987e-001
 -3.8558399227737417e-001
 -9.2977648588825534e-001
  3.5053432019126168e-001
  9.4299053589285897e-001
 -3.1498651965527924e-001
 -9.5486454474664695e-001
  2.7899110603922944e-001
  9.6538163883327033e-001
 -2.4259923079543388e-001
 -9.7452687278658079e-001
  2.0586260876987889e-001
  9.8228725072868661e-001
 -1.6883344471275813e-001
 -9.8865174473791684e-001
  1.3156435909227740e-001
  9.9361131052000751e-001
 -9.4108313318536169e-002
 -9.9715890026061549e-001
  5.6518534482016734e-002
  9.9928947264058898e-001
 -1.8848439715427465e-002
 -1.0000000000000000e+000
 -1.8848439715418636e-002
  9.9928947264058932e-001
  5.6518534482007922e-002
 -9.9715890026061194e-001
 -9.4108313318527384e-002
  9.9361131052000851e-001
  1.3156435909226866e-001
 -9.8865174473791817e-001
 -1.6883344471274941e-001
  9.8228725072868828e-001
  2.0586260876987025e-001
 -9.7452687278658268e-001
 -2.4259923079542531e-001
  9.6538163883327266e-001
  2.7899110603922095e-001
 -9.5486454474664950e-001
 -3.1498651965532481e-001
  9.4299053589286197e-001
  3.5053432019125341e-001
 -9.2977648588825856e-001
 -3.8558399227741846e-001
  9.1524117262091342e-001
  4.2008572841180319e-001
 -8.9940525156637841e-001
 -4.5399049973957034e-001
  8.8229122643494717e-001
  4.8725012572533172e-001
 -8.6392341719284249e-001
 -5.1981734262068580e-001
  8.4432792550200675e-001
  5.5164587062843184e-001
 -8.2353259762843400e-001
 -5.8269047966855569e-001
  8.0156698487086575e-001
  6.1290705365298015e-001
 -7.7846230156702900e-001
 -6.4225265317656710e-001
  7.5425138073609010e-001
  6.7068557653672545e-001
 -7.2896862742141577e-001
 -6.9816541899345852e-001
  7.0264996979883243e-001
  7.2465313018705346e-001
 -6.7533280812102703e-001
 -7.5011106963044816e-001
  6.4705596156942435e-001
  7.7450306019874182e-001
 -6.1785961309033510e-001
 -7.9779443953856222e-001
  5.8778525229249579e-001
  8.1995210932546103e-001
 -5.5687561648818662e-001
 -8.4094458229816271e-001
  5.2517462996131725e-001
  8.6074202700395275e-001
 -4.9272734154828779e-001
 -8.7931631019055190e-001
  4.5957986062150802e-001
  8.9664103678524498e-001
 -4.2577929156506628e-001
 -9.1269158740350009e-001
  3.9137366683722086e-001
  9.2744515333467004e-001
 -3.5641187871324165e-001
 -9.4088076895422412e-001
  3.2094360980722597e-001
  9.5297934151722663e-001
 -2.8501926246996429e-001
 -9.6372367829000938e-001
  2.4868988716486906e-001
  9.7309851098212008e-001
 -2.1200710992209554e-001
 -9.8109051744332332e-001
  1.7502305897523199e-001
  9.8768834059514266e-001
 -1.3779029068462056e-001
 -9.9288260456981414e-001
  1.0036171485122428e-001
  9.9666592803402798e-001
 -6.2790519529349831e-002
 -9.9903293467812004e-001
  2.5130095443287426e-002
  9.9998026085613700e-001
  1.2566039883375584e-002
 -9.9950656036573304e-001
 -5.0244318179765449e-002
  9.9761250636123033e-001
  8.7851196550712093e-002
 -9.9430079039700969e-001
 -1.2533323356435919e-001
  9.8957611860265315e-001
  1.6263716519491153e-001
 -9.8344520499533727e-001
 -1.9970998051440819e-001
  9.7591676193876253e-001
  2.3649899702369953e-001
 -9.6700148776245953e-001
 -2.7295193551727426e-001
  9.5671205155883332e-001
  3.0901699437497937e-001
 -9.4506307517981691e-001
 -3.4464292317452316e-001
  9.3207111245823415e-001
  3.7977909552178207e-001
 -9.1775462568401722e-001
 -4.1437558099324073e-001
  9.0213395936820473e-001
  4.4838321609006704e-001
 -8.8523131133246979e-001
 -4.8175367410172565e-001
  8.6707070116451923e-001
  5.1443953378149332e-001
 -8.4767793608512865e-001
 -5.4639434673423359e-001
  8.2708057427462522e-001
  5.7757270342230371e-001
 -8.0530788571113743e-001
 -6.0793029769461904e-001
  7.8239081057662130e-001
  6.3742398974868208e-001
 -7.5836191528877417e-001
 -6.6601186743422403e-001
  7.3325534622263300e-001
  6.9365330581284068e-001
 -7.0710678118656223e-001
 -7.2030902488792248e-001
  6.7995337872245432e-001
  7.4594114542417911e-001
 -6.5183372530093564e-001
 -7.7051324277576905e-001
  6.2278778048819239e-001
  7.9399039864786869e-001
 -5.9285682016107177e-001
 -8.1633925071720004e-001
  5.6208337785216589e-001
  8.3752804004214210e-001
 -5.3051118430679312e-001
 -8.5752665619363866e-001
  4.9818510533957477e-001
  8.7630668004383783e-001
 -4.6515107807746736e-001
 -8.9384142415127865e-001
  4.3145604568099261e-001
  9.1010597068499821e-001
 -3.9714789063483968e-001
 -9.2507720683445005e-001
  3.6227536670463095e-001
  9.3873385765385753e-001
 -3.2688802965494712e-001
 -9.5105651629516541e-001
  2.9103616682830241e-001
  9.6202767158608893e-001
 -2.5477072568343928e-001
 -9.7163173291467020e-001
  2.1814324139662664e-001
  9.7985505238423831e-001
 -1.8120576362724874e-001
 -9.8668594420787514e-001
  1.4401078255227856e-001
  9.9211470131447987e-001
 -1.0661115427531337e-001
 -9.9613360914317151e-001
  6.9060025714486453e-002
  9.9873695660601558e-001
 -3.1410759078236185e-002
 -9.9992104420381678e-001
 -6.2831439655376027e-003
  9.9968418928329938e-001
  4.3968118317816510e-002
 -9.9802672842827189e-001
 -8.1590611568082269e-002
  9.9495101698130339e-001
  1.1909716009476784e-001
 -9.9046142569664375e-001
 -1.5643446504021502e-001
  9.8456433452920056e-001
  1.9354946805081796e-001
 -9.7726812356819337e-001
 -2.3038942667652226e-001
  9.6858316112863785e-001
  2.6690198932028181e-001
 -9.5852178901739127e-001
 -3.0303526963276378e-001
  9.4709830499473380e-001
  3.3873792024525579e-001
 -9.3432894245661013e-001
 -3.7395920573774022e-001
  9.2023184736587882e-001
  4.0864907473626511e-001
 -9.0482705246604023e-001
 -4.4275823103889667e-001
  8.8813644881352716e-001
  4.7623820366791053e-001
 -8.7018375466952036e-001
 -5.0904141575032003e-001
  8.5099448179470039e-001
  5.4112125212680295e-001
 -8.3059589919583676e-001
 -5.7243212559449763e-001
  8.0901699437492203e-001
  6.0292954168900303e-001
 -7.8628843213660893e-001
 -6.3257016191308246e-001
  7.6244251101145499e-001
  6.6131186532359088e-001
 -7.3751311735819958e-001
 -6.8911380838726988e-001
  7.1153567720925126e-001
  7.1593648302181589e-001
 -6.8454710592867307e-001
 -7.4174177273870634e-001
  6.5658575575296074e-001
  7.6649300680930099e-001
 -6.2769136129072600e-001
 -7.9015501237562713e-001
  5.9790498305747575e-001
  8.1269416443308429e-001
 -5.6726894912673442e-001
 -8.3407843361314715e-001
  5.3582679497899688e-001
  8.5427743169925840e-001
 -5.0362320163578456e-001
 -8.7326245480987252e-001
  4.7070393216538070e-001
  8.9100652418836279e-001
 -4.3711576665090407e-001
 -9.0748442454110079e-001
  4.0290643571365808e-001
  9.2267273987008958e-001
 -3.6812455268469851e-001
 -9.3654988674815987e-001
  3.3281954452303303e-001
  9.4909614499029271e-001
 -2.9704158157699923e-001
 -9.6029368567693385e-001
  2.6084150628988700e-001
  9.7012659649009125e-001
 -2.2427076094939757e-001
 -9.7858090432545419e-001
  1.8738131458576776e-001
  9.8564459514897873e-001
 -1.5022558912071485e-001
 -9.9130763106950293e-001
  1.1285638487346618e-001
  9.9556196460307489e-001
 -7.5326805527944185e-002
 -9.9840155010897047e-001
  3.7690182669973094e-002
  9.9982235238080697e-001
  4.8012344332942130e-014
 -9.9982235238080941e-001
 -3.7690182669955441e-002
  9.9840155010897780e-001
  7.5326805527926560e-002
 -9.9556196460308721e-001
 -1.1285638487344864e-001
  9.9130763106952025e-001
  1.5022558912080977e-001
 -9.8564459514900093e-001
 -1.8738131458575041e-001
  9.7858090432548117e-001
  2.2427076094938034e-001
 -9.7012659649012312e-001
 -2.6084150628986996e-001
  9.6029368567697049e-001
  2.9704158157698235e-001
 -9.4909614499029826e-001
 -3.3281954452301638e-001
  9.3654988674820594e-001
  3.6812455268468208e-001
 -9.2267273987014031e-001
 -4.0290643571364193e-001
  9.0748442454115597e-001
  4.3711576665088819e-001
 -8.9100652418837079e-001
 -4.7070393216536510e-001
  8.7326245480993647e-001
  5.0362320163576924e-001
 -8.5427743169932668e-001
 -5.3582679497898200e-001
  8.3407843361321954e-001
  5.6726894912671988e-001
 -8.1269416443309461e-001
 -5.9790498305755269e-001
  7.9015501237570762e-001
  6.2769136129071224e-001
 -7.6649300680938537e-001
 -6.5658575575294742e-001
  7.4174177273879449e-001
  6.8454710592866019e-001
 -7.1593648302190760e-001
 -7.1153567720931865e-001
  6.8911380838736502e-001
  7.3751311735818770e-001
 -6.6131186532368935e-001
 -7.6244251101144356e-001
  6.3257016191318416e-001
  7.8628843213659805e-001
 -6.0292954168910784e-001
 -8.0901699437497854e-001
  5.7243212559460532e-001
  8.3059589919582699e-001
 -5.4112125212691342e-001
 -8.5099448179469117e-001
  5.0904141575043305e-001
  8.7018375466951170e-001
 -4.7623820366802605e-001
 -8.8813644881351905e-001
  4.4275823103891254e-001
  9.0482705246603279e-001
 -4.0864907473638495e-001
 -9.2023184736587194e-001
  3.7395920573786207e-001
  9.3432894245660381e-001
 -3.3873792024537941e-001
 -9.4709830499472814e-001
  3.0303526963278060e-001
  9.5852178901738627e-001
 -2.6690198932040837e-001
 -9.6858316112863341e-001
  2.3038942667665008e-001
  9.7726812356818971e-001
 -1.9354946805094680e-001
 -9.8456433452919756e-001
  1.5643446504023248e-001
  9.9046142569665696e-001
 -1.1909716009489825e-001
 -9.9495101698130162e-001
  8.1590611568213178e-002
  9.9802672842827078e-001
 -4.3968118317947731e-002
 -9.9968418928329894e-001
  6.2831439656689499e-003
  9.9992104420381556e-001
  3.1410759078104901e-002
 -9.9873695660601647e-001
 -6.9060025714355419e-002
  9.9613360914317306e-001
  1.0661115427518277e-001
 -9.9211470131448209e-001
 -1.4401078255214858e-001
  9.8668594420785960e-001
  1.8120576362711957e-001
 -9.7985505238424186e-001
 -2.1814324139649846e-001
  9.7163173291467442e-001
  2.5477072568331227e-001
 -9.6202767158609381e-001
 -2.9103616682817679e-001
  9.5105651629517085e-001
  3.2688802965493041e-001
 -9.3873385765386352e-001
 -3.6227536670450855e-001
  9.2507720683445671e-001
  3.9714789063471917e-001
 -9.1010597068500543e-001
 -4.3145604568087415e-001
  8.9384142415128653e-001
  4.6515107807745176e-001
 -8.7630668004384626e-001
 -4.9818510533946087e-001
  8.5752665619364776e-001
  5.3051118430668176e-001
 -8.3752804004215176e-001
 -5.6208337785205720e-001
  8.1633925071721025e-001
  5.9285682016105756e-001
 -7.9399039864781029e-001
 -6.2278778048808958e-001
  7.7051324277578026e-001
  6.5183372530083605e-001
 -7.4594114542419077e-001
 -6.7995337872235806e-001
  7.2030902488793469e-001
  7.0710678118646941e-001
 -6.9365330581277151e-001
 -7.3325534622254374e-001
  6.6601186743423713e-001
  7.5836191528868857e-001
 -6.3742398974869563e-001
 -7.8239081057653947e-001
  6.0793029769463303e-001
  8.0530788571105960e-001
 -5.7757270342222533e-001
 -8.2708057427455139e-001
  5.4639434673424836e-001
  8.4767793608499864e-001
 -5.1443953378150853e-001
 -8.6707070116451046e-001
  4.8175367410174114e-001
  8.8523131133246169e-001
 -4.4838321609008286e-001
 -9.0213395936819707e-001
  4.1437558099336030e-001
  9.1775462568396504e-001
 -3.7977909552190359e-001
 -9.3207111245818652e-001
  3.4464292317443301e-001
  9.4506307517977395e-001
 -3.0901699437488805e-001
 -9.5671205155879502e-001
  2.7295193551729124e-001
  9.6700148776239714e-001
 -2.3649899702371668e-001
 -9.7591676193875865e-001
  1.9970998051442551e-001
  9.8344520499533417e-001
 -1.6263716519492893e-001
 -9.8957611860265060e-001
  1.2533323356437673e-001
  9.9430079039700781e-001
 -8.7851196550956176e-002
 -9.9761250636122123e-001
  5.0244318179669546e-002
  9.9950656036573249e-001
 -1.2566039883393243e-002
 -9.9998026085613778e-001
 -2.5130095443383418e-002
  9.9903293467812582e-001
  6.2790519529218741e-002
 -9.9666592803404341e-001
 -1.0036171485120669e-001
  9.9288260456979593e-001
  1.3779029068449047e-001
 -9.8768834059513644e-001
 -1.7502305897521458e-001
  9.8109051744331577e-001
  2.1200710992185606e-001
 -9.7309851098213718e-001
 -2.4868988716496207e-001
  9.6372367828999894e-001
  2.8501926246994735e-001
 -9.5297934151724928e-001
 -3.2094360980726311e-001
  9.4088076895423012e-001
  3.5641187871317204e-001
 -9.2744515333471911e-001
 -3.9137366683720465e-001
  9.1269158740343770e-001
  4.2577929156494743e-001
 -8.9664103678522766e-001
 -4.5957986062144185e-001
  8.7931631019050616e-001
  4.9272734154812403e-001
 -8.6074202700396174e-001
 -5.2517462996120556e-001
  8.4094458229814151e-001
  5.5687561648817185e-001
 -8.1995210932550366e-001
 -5.8778525229252754e-001
  7.9779443953857287e-001
  6.1785961309027648e-001
 -7.7450306019882487e-001
 -6.4705596156945422e-001
  7.5011106963049745e-001
  6.7533280812093022e-001
 -7.2465313018702648e-001
 -7.0264996979881988e-001
  6.9816541899338969e-001
  7.2896862742128699e-001
 -6.7068557653673855e-001
 -7.5425138073604114e-001
  6.4225265317653712e-001
  7.7846230156701790e-001
 -6.1290705365303899e-001
 -8.0156698487092315e-001
  5.8269047966857002e-001
  8.2353259762839170e-001
 -5.5164587062854142e-001
 -8.4432792550202773e-001
  5.1981734262074941e-001
  8.6392341719277632e-001
 -4.8725012572529752e-001
 -8.8229122643493896e-001
  4.5399049973943412e-001
  8.9940525156629614e-001
 -4.2008572841181924e-001
 -9.1524117262088345e-001
  3.8558399227732987e-001
  9.2977648588816841e-001
 -3.5053432019132319e-001
 -9.4299053589289394e-001
  3.1498651965528762e-001
  9.5486454474662741e-001
 -2.7899110603934707e-001
 -9.6538163883328287e-001
  2.4259923079544243e-001
  9.7452687278655326e-001
 -2.0586260876983190e-001
 -9.8228725072868495e-001
  1.6883344471259876e-001
  9.8865174473788986e-001
 -1.3156435909228617e-001
 -9.9361131052000007e-001
  9.4108313318431780e-002
  9.9715890026059772e-001
 -5.6518534482082307e-002
 -9.9928947264059298e-001
  1.8848439715379459e-002
  1.0000000000000000e+000
  1.8848439715296140e-002
 -9.9928947264058754e-001
 -5.6518534481999103e-002
  9.9715890026062115e-001
  9.4108313318348819e-002
 -9.9361131052000951e-001
 -1.3156435909242895e-001
  9.8865174473793660e-001
  1.6883344471274073e-001
 -9.8228725072870060e-001
 -2.0586260876997287e-001
  9.7452687278662298e-001
  2.4259923079536161e-001
 -9.6538163883324524e-001
 -2.7899110603926702e-001
  9.5486454474665217e-001
  3.1498651965520852e-001
 -9.4299053589284598e-001
 -3.5053432019124514e-001
  9.2977648588828277e-001
  3.8558399227725298e-001
 -9.1524117262091698e-001
 -4.2008572841194997e-001
  8.9940525156643192e-001
  4.5399049973956246e-001
 -8.8229122643497815e-001
 -4.8725012572542331e-001
  8.6392341719293286e-001
  5.1981734262067825e-001
 -8.4432792550207236e-001
 -5.5164587062847192e-001
  8.2353259762843900e-001
  5.8269047966850229e-001
 -8.0156698487083700e-001
 -6.1290705365297315e-001
  7.7846230156707019e-001
  6.4225265317647329e-001
 -7.5425138073609599e-001
 -6.7068557653684535e-001
  7.2896862742149970e-001
  6.9816541899349283e-001
 -7.0264996979887917e-001
 -7.2465313018712574e-001
  6.7533280812115937e-001
  7.5011106963044238e-001
 -6.4705596156951783e-001
 -7.7450306019877213e-001
  6.1785961309034199e-001
  7.9779443953852269e-001
 -5.8778525229241096e-001
 -8.1995210932545604e-001
  5.5687561648824113e-001
  8.4094458229809643e-001
 -5.2517462996127640e-001
 -8.6074202700391933e-001
  4.9272734154839437e-001
  8.7931631019057477e-001
 -4.5957986062151590e-001
 -8.9664103678529139e-001
  4.2577929156522859e-001
  9.1269158740349654e-001
 -3.9137366683728131e-001
 -9.2744515333468791e-001
  3.5641187871346236e-001
  9.4088076895420192e-001
 -3.2094360980712666e-001
 -9.5297934151722397e-001
  2.8501926247002723e-001
  9.6372367828997674e-001
 -2.4868988716482257e-001
 -9.7309851098211797e-001
  2.1200710992215971e-001
  9.8109051744334363e-001
 -1.7502305897529666e-001
 -9.8768834059515898e-001
  1.3779029068479823e-001
  9.9288260456981314e-001
 -1.0036171485128961e-001
 -9.9666592803403653e-001
  6.2790519529528840e-002
  9.9903293467812215e-001
 -2.5130095443239426e-002
 -9.9998026085613734e-001
 -1.2566039883309914e-002
  9.9950656036573515e-001
  5.0244318179813396e-002
 -9.9761250636122700e-001
 -8.7851196550646674e-002
  9.9430079039701669e-001
  1.2533323356429404e-001
 -9.8957611860262984e-001
 -1.6263716519473453e-001
  9.8344520499532861e-001
  1.9970998051434385e-001
 -9.7591676193872723e-001
 -2.3649899702352525e-001
  9.6700148776244732e-001
  2.7295193551742980e-001
 -9.5671205155881933e-001
 -3.0901699437491692e-001
  9.4506307517983834e-001
  3.4464292317456824e-001
 -9.3207111245821672e-001
 -3.7977909552172129e-001
  9.1775462568404331e-001
  4.1437558099328442e-001
 -9.0213395936813501e-001
 -4.4838321608990672e-001
  8.8523131133244748e-001
  4.8175367410166808e-001
 -8.6707070116443863e-001
 -5.1443953378133955e-001
  8.4767793608510322e-001
  5.4639434673417864e-001
 -8.2708057427453430e-001
 -5.7757270342225009e-001
  8.0530788571117640e-001
  6.0793029769465712e-001
 -7.8239081057659132e-001
 -6.3742398974863146e-001
  7.5836191528881702e-001
  6.6601186743425977e-001
 -7.3325534622244581e-001
 -6.9365330581271145e-001
  7.0710678118652825e-001
  7.2030902488787696e-001
 -6.7995337872233574e-001
 -7.4594114542405965e-001
  6.5183372530089922e-001
  7.7051324277572719e-001
 -6.2278778048806593e-001
 -7.9399039864782872e-001
  5.9285682016112462e-001
  8.1633925071722768e-001
 -5.6208337785212614e-001
 -8.3752804004210624e-001
  5.3051118430684885e-001
  8.5752665619366342e-001
 -4.9818510533953314e-001
 -8.7630668004380619e-001
  4.6515107807742490e-001
  8.9384142415124912e-001
 -4.3145604568084678e-001
 -9.1010597068492383e-001
  3.9714789063479566e-001
  9.2507720683442507e-001
 -3.6227536670448024e-001
 -9.3873385765379569e-001
  3.2688802965500918e-001
  9.5105651629518029e-001
 -2.9103616682825650e-001
 -9.6202767158607105e-001
  2.5477072568350279e-001
  9.7163173291468152e-001
 -2.1814324139657978e-001
 -9.7985505238422521e-001
  1.8120576362708971e-001
  9.8668594420786448e-001
 -1.4401078255211855e-001
 -9.9211470131445745e-001
  1.0661115427526563e-001
  9.9613360914316573e-001
 -6.9060025714325138e-002
 -9.9873695660600659e-001
  3.1410759078188195e-002
  9.9992104420381733e-001
  6.2831439655856147e-003
 -9.9968418928330105e-001
 -4.3968118317750896e-002
  9.9802672842826889e-001
  8.1590611568130120e-002
 -9.9495101698130994e-001
 -1.1909716009470263e-001
  9.9046142569665274e-001
  1.5643446504037475e-001
 -9.8456433452923198e-001
 -1.9354946805086506e-001
  9.7726812356820736e-001
  2.3038942667667961e-001
 -9.6858316112868237e-001
 -2.6690198932032805e-001
  9.5852178901734519e-001
  3.0303526963280952e-001
 -9.4709830499475489e-001
 -3.3873792024519400e-001
  9.3432894245659304e-001
  3.7395920573778479e-001
 -9.2023184736590447e-001
 -4.0864907473620515e-001
  9.0482705246601980e-001
  4.4275823103904166e-001
 -8.8813644881360954e-001
 -4.7623820366795278e-001
  8.7018375466955267e-001
  5.0904141575045914e-001
 -8.5099448179479464e-001
 -5.4112125212684337e-001
  8.3059589919587340e-001
  5.7243212559463019e-001
 -8.0901699437496066e-001
 -6.0292954168895063e-001
  7.8628843213657929e-001
  6.3257016191311966e-001
 -7.6244251101149751e-001
 -6.6131186532354158e-001
  7.3751311735816716e-001
  6.8911380838746950e-001
 -7.1153567720937727e-001
 -7.1593648302184942e-001
  6.8454710592872092e-001
  7.4174177273881481e-001
 -6.5658575575309597e-001
 -7.6649300680933186e-001
  6.2769136129077707e-001
  7.9015501237572627e-001
 -5.9790498305752837e-001
 -8.1269416443304598e-001
  5.6726894912669490e-001
  8.3407843361317358e-001
 -5.3582679497905239e-001
 -8.5427743169922421e-001
  5.0362320163574303e-001
  8.7326245480989584e-001
 -4.7070393216543860e-001
 -8.9100652418838455e-001
  4.3711576665096313e-001
  9.0748442454116873e-001
 -4.0290643571382229e-001
 -9.2267273987010812e-001
  3.6812455268475958e-001
  9.3654988674821660e-001
 -3.3281954452320217e-001
 -9.4909614499027206e-001
  2.9704158157695337e-001
  9.6029368567694728e-001
 -2.6084150628995040e-001
 -9.7012659649007538e-001
  2.2427076094935078e-001
  9.7858090432546407e-001
 -1.8738131458583226e-001
 -9.8564459514900604e-001
  1.5022558912077977e-001
  9.9130763106952424e-001
 -1.1285638487364440e-001
 -9.9556196460307933e-001
  7.5326805528009660e-002
  9.9840155010897957e-001
 -3.7690182670152325e-002
 -9.9982235238080785e-001
