  1.2608158528659912e-002
  9.7051030681738548e-001
 -4.1636535383064555e-001
  1.3622045130003986e+000
 -3.9163043546846582e-001
 -3.1467152902987590e-003
  3.8719084118955976e-001
 -1.3583546205365251e+000
  4.2411874423940199e-001
 -9.7861414002344926e-001
 -4.1946642295482700e-003
  9.8947832708353589e-001
 -4.0054712771618661e-001
  1.3778285726613182e+000
 -3.7807786428331014e-001
 -1.4188878756981443e-002
  3.7664635763811932e-001
 -1.3695684427373309e+000
  4.3001203711553454e-001
 -9.5864767972185927e-001
 -5.6775461658621707e-003
  9.7428958692922918e-001
 -4.1518292458630979e-001
  1.3747543000152354e+000
 -3.8916048816106097e-001
  1.4713866583959311e-002
  3.9319998726720506e-001
 -1.3624037206919202e+000
  4.3033779848380921e-001
 -9.8532340914912186e-001
  6.3068500087762169e-003
  9.7623399703185743e-001
 -4.0160157426757176e-001
  1.3631209623045002e+000
 -3.9288124746747449e-001
  2.0823940229538910e-003
  3.7475783507831595e-001
 -1.3669135427522250e+000
  4.2378908998538484e-001
 -9.7436623295022462e-001
  7.9291603399715936e-003
  9.6869991049931381e-001
 -4.3367828453977264e-001
  1.3698827960850453e+000
 -3.8257231589587309e-001
 -4.9265646364500659e-003
  3.9211052754944498e-001
 -1.3734202975463827e+000
  4.0775027528524876e-001
 -9.7558815947910416e-001
  3.8400272758949512e-003
  9.6388790027006344e-001
 -4.2032152722752586e-001
  1.3734591587825575e+000
 -3.9442001913863628e-001
 -5.8661611191424328e-003
  3.8881741330799874e-001
 -1.3677790553960207e+000
  4.0684780297226258e-001
 -9.8498896965658456e-001
 -1.0464659344623614e-002
  9.8512213274859484e-001
 -3.9166484094247650e-001
  1.3700847573670467e+000
 -4.0338655161012976e-001
 -9.6783985604775805e-003
  4.0290316261995673e-001
 -1.3644910418829947e+000
  4.4076968356645513e-001
 -9.5809945369548699e-001
  8.5427981355906939e-003
  9.8088891031997727e-001
 -4.3943864789124659e-001
  1.3874782967906656e+000
 -3.8677528071170270e-001
 -2.8455963951542311e-003
  3.9316709384529619e-001
 -1.3865087636172111e+000
  4.0887067838113883e-001
 -9.6984735619686702e-001
 -8.0362062760649076e-003
  9.6842793084893275e-001
 -4.0799540648082872e-001
  1.3735995171375801e+000
 -3.8434724056309250e-001
 -1.0100084427180543e-002
  4.1370160404132794e-001
 -1.3626770240126207e+000
  4.0506102883488843e-001
 -9.6570169178522303e-001
 -6.4295977705532189e-003
  9.6439434105269961e-001
 -4.0467078709618798e-001
  1.3518729476997258e+000
 -4.0435427176590899e-001
  5.1015990365834395e-003
  3.8641675537085507e-001
 -1.3596364154852050e+000
  4.0618811382669640e-001
 -9.7327438323578463e-001
  9.0902155823722429e-003
  9.6866000090490734e-001
 -4.1341299753037752e-001
  1.3512273671483448e+000
 -3.8925672387203319e-001
 -1.6054421021790488e-003
  3.7826956019332542e-001
 -1.3707036020752881e+000
  4.2170594564147984e-001
 -9.7996014136287157e-001
 -1.0941662588568413e-003
  9.8175921913800324e-001
 -4.1909247857357246e-001
  1.3727249292980390e+000
 -3.7046119669721056e-001
  1.0917895154997890e-002
  3.7902328557009218e-001
 -1.3783847122006068e+000
  4.3547735447319325e-001
 -9.6630845841743707e-001
  9.1842196468167187e-003
  9.6406969748939275e-001
 -4.1916431797145859e-001
  1.3521851214971998e+000
 -3.7546240575254630e-001
 -8.2440002847983303e-003
  3.9578935239009816e-001
 -1.3767073235314515e+000
  4.1962539158672785e-001
 -9.6676416968074241e-001
 -1.6694263571791167e-003
  9.7069369276066197e-001
 -4.1945302209969987e-001
  1.3772660860054480e+000
 -3.9506305080573267e-001
 -8.2326309401314843e-003
  3.9293519977720426e-001
 -1.3630825053620619e+000
  4.2084602463789966e-001
 -9.7675046227008788e-001
  3.0005461415510784e-003
  9.5562468017185020e-001
 -4.2102697321495058e-001
  1.3572405104217040e+000
 -4.0192437841200213e-001
  1.0886861749000679e-002
  3.8560042779869486e-001
 -1.3629746324369769e+000
  4.1861005720628358e-001
 -9.6476470536185455e-001
 -2.6096193485668595e-003
  9.6011423065764989e-001
 -4.3171930171761291e-001
  1.3922762926810057e+000
 -4.0097685204019656e-001
  4.9889431773774071e-003
  4.0661056071592000e-001
 -1.3849349077014983e+000
  4.2689756072908325e-001
 -1.0035552211875001e+000
 -1.1400000325868163e-002
  9.8074015541480564e-001
 -4.2114986456253173e-001
  1.3553349625055329e+000
 -3.9546666010749676e-001
 -7.1534071288831113e-003
  3.8079465733692291e-001
 -1.3731545623993324e+000
  4.3623807666696374e-001
 -9.7572754237905568e-001
 -1.2585251103063310e-003
  9.7071317432297011e-001
 -4.1117428139120604e-001
  1.3671502605912322e+000
 -3.7465540042656770e-001
 -6.4529255546487106e-003
  4.0780935575702076e-001
 -1.3597406939844054e+000
  4.3321939059451775e-001
 -9.8765681415471929e-001
  1.7030576960641426e-002
  9.7004172174676973e-001
 -4.0512165487348284e-001
  1.3484057409901540e+000
 -3.8310447377407231e-001
  1.0069272177637568e-002
  3.7354856670116621e-001
 -1.3698439184427937e+000
  4.2159904878419957e-001
 -9.7115413158497055e-001
 -1.5190720740894385e-002
  9.8271747187474834e-001
 -4.3272196062759721e-001
  1.3691763760845810e+000
 -3.9791501309562499e-001
 -4.4378300317075262e-004
  3.9638129456800308e-001
 -1.3692580489415815e+000
  4.1886821736765001e-001
 -9.7846049240835420e-001
  1.3480416969069769e-002
  9.8597642612085612e-001
 -4.0276882069963194e-001
  1.3695805131486047e+000
 -3.9753451151993724e-001
  4.0222947762807194e-003
  3.9366202719368082e-001
 -1.3655560134336131e+000
  4.3780160877400104e-001
 -9.6524693130626471e-001
  8.6619785994658874e-003
  9.7869550332523214e-001
 -4.2171505557163191e-001
  1.3651766717261640e+000
 -3.6769039274650450e-001
 -1.9070539580249107e-002
  4.0105836478837881e-001
 -1.3780262858654353e+000
  4.2678476161296575e-001
 -9.6490677636487932e-001
 -1.2508264707762468e-002
  9.7223815081084930e-001
 -4.1321401571811217e-001
  1.3742981263883838e+000
 -3.9282051405910196e-001
  1.7399293306297116e-002
  3.8313114500438583e-001
 -1.3473469996003262e+000
  4.3054991287883021e-001
 -9.8186641883212489e-001
  1.0703400495007249e-002
  9.7667140096258576e-001
 -4.1421226084357121e-001
  1.3853318735666482e+000
 -3.8400186823617066e-001
 -4.2141890338188446e-003
  3.9561932339801104e-001
 -1.3712018622702504e+000
  4.2068652739538942e-001
 -9.6873997571837411e-001
 -1.8035517903056748e-002
  9.7543318667761003e-001
 -4.0737170589292987e-001
  1.3591128542705400e+000
 -3.9395297733670265e-001
 -4.7864783997471107e-003
  4.0352381771196816e-001
 -1.3740480434589937e+000
  4.1647027714399026e-001
 -9.6117320897975722e-001
  1.1063917697012671e-002
  9.7845460358659819e-001
 -4.2474347205343227e-001
  1.3748384771846431e+000
 -3.9744555674332133e-001
  7.9263170048500271e-003
  3.9075206927422612e-001
 -1.3715575056958593e+000
  4.2750447088805016e-001
 -9.8971129038000538e-001
  1.5282045206427636e-002
  9.8236872470309422e-001
 -4.0564095099233094e-001
  1.3627239869225771e+000
 -3.8985444740906505e-001
  7.4163108905472850e-003
  3.8229847736215078e-001
 -1.3399631123728462e+000
  4.1646865388502385e-001
 -9.7983803899755195e-001
 -1.3983169016567239e-002
  9.8088275696383043e-001
 -4.1181449756445399e-001
  1.3745467555899835e+000
 -3.9607095285688809e-001
 -7.2453741741785899e-004
  3.8445053117912337e-001
 -1.3581373789638258e+000
  4.2322302106322807e-001
 -9.8897566293919115e-001
  6.3076553141221707e-003
  9.6027282679276960e-001
 -4.1564068069318810e-001
  1.3704073635335072e+000
 -3.8705047724185565e-001
 -3.2257886558670185e-003
  3.7424442760103466e-001
 -1.3725161597150837e+000
  4.1437678611227119e-001
 -9.7852867593872017e-001
 -7.1057368395344130e-003
  9.5962791083178289e-001
 -4.0055258779539132e-001
  1.3684575070967746e+000
 -3.8768451786024699e-001
 -5.9653643097716614e-003
  3.8903046888472576e-001
 -1.3627140266588331e+000
  4.1663950372416481e-001
 -9.7706839975025317e-001
  4.7025975907863645e-003
  9.6729477114973927e-001
 -4.2731466990341954e-001
  1.3570426873862060e+000
 -4.0284927553515049e-001
 -6.8518514338878128e-003
  3.8263237292896629e-001
 -1.3366666942554846e+000
  4.2101289566589822e-001
 -9.7853008085749682e-001
 -4.7650729367892707e-003
  9.8203420862462909e-001
 -4.1827709670778596e-001
  1.3613731781114442e+000
 -3.8832454008135164e-001
  1.0682846478121797e-002
  3.7794652759421671e-001
 -1.3608976711051448e+000
  4.2783248220798398e-001
 -9.7907804329367987e-001
 -2.8219311304983788e-003
  9.7248205355725892e-001
 -4.1734558477165801e-001
  1.3664509995715324e+000
 -3.9620953256137437e-001
 -1.4055808834783889e-002
  3.8981158095215396e-001
 -1.3731813289049677e+000
  4.1189278759472331e-001
 -9.7954387584107783e-001
  2.0236667576600336e-003
  9.9548361013682951e-001
 -4.0995352896498422e-001
  1.3581924960350193e+000
 -3.8575909823011395e-001
  1.8033686110413055e-003
  3.9552952970232186e-001
 -1.3731258816142324e+000
  4.0932338340372415e-001
 -9.8309679711519449e-001
  4.2228155136307937e-003
  9.8368524714444727e-001
 -4.2490615039478696e-001
  1.3712720187786198e+000
 -3.8323550624499031e-001
 -3.4151758815921902e-003
  3.9646082429926532e-001
 -1.3695487995386555e+000
  3.9854420241681915e-001
 -9.6769714238881632e-001
  1.5738449852777214e-003
  9.7938590113239787e-001
 -4.2432542894984676e-001
  1.3632351806357970e+000
 -3.8326173721868001e-001
 -1.6247174625934398e-004
  3.9076564372706646e-001
 -1.3733556038928949e+000
  4.2884631723433236e-001
 -9.8259312370957752e-001
  1.1622232027720576e-002
  9.8383466899784366e-001
 -3.9274338650306945e-001
  1.3836985496760419e+000
 -4.0167736901950335e-001
  7.3971199767141563e-003
  3.8890702108084008e-001
 -1.3559593459633883e+000
  3.9328092492573602e-001
 -9.8285535792307732e-001
  3.6367966278661004e-004
  9.6863545958163400e-001
 -4.3335854506448568e-001
  1.3715646261596559e+000
 -3.6941547619134318e-001
 -1.7106730982624349e-003
  3.9276278534703501e-001
 -1.3767961032913079e+000
  4.1314622769705855e-001
 -9.9175276843944560e-001
 -6.2784236286206625e-003
  9.7779969937092737e-001
 -3.9528985032676578e-001
  1.3710768093289474e+000
 -4.0001536894062106e-001
  5.0497716375628643e-003
  4.0500387399449628e-001
 -1.3682060193685204e+000
  4.1397709867510113e-001
 -9.6992772110923509e-001
 -9.2185823426846458e-003
  9.8482551960342857e-001
 -4.1220414589234755e-001
  1.3585270070613338e+000
 -3.8729471095895512e-001
  9.4779257557078105e-003
  3.8425844186331543e-001
 -1.3748524681615633e+000
  4.2323339365985102e-001
 -9.6993667931084426e-001
  5.7924355379898357e-004
  9.7560317511615169e-001
 -4.1022085625589244e-001
  1.3900465470689618e+000
 -3.7868090589160741e-001
  1.7748806351499644e-002
  3.8071359260068088e-001
 -1.3675431392299562e+000
  4.1010052766002963e-001
 -9.8567791345369671e-001
  8.1136418905665489e-003
  9.7398327623344316e-001
 -4.1417383914997724e-001
  1.3768205818012071e+000
 -3.8016211784697196e-001
 -1.0813380746666643e-002
  3.7993735967170511e-001
 -1.3822442952425713e+000
  4.3106688285726213e-001
 -9.8900509821724814e-001
  6.7797620648672452e-003
  9.7664211258922529e-001
 -4.1556220413223482e-001
  1.3588571374168581e+000
 -3.7543917909436331e-001
 -7.1830612065467911e-003
  3.9259309861350988e-001
 -1.3640805043665645e+000
  4.3969135635110757e-001
 -9.7046149603271037e-001
  6.5294723155667261e-003
  9.7678664984875396e-001
 -4.0466092004202547e-001
  1.3718024251850354e+000
 -3.8328442239083216e-001
  1.2035662363378351e-002
  3.4857241377850601e-001
 -1.3750005083588865e+000
  4.0181242255500127e-001
 -9.6811463267073894e-001
 -9.3371512241150287e-003
  9.7178128549423903e-001
 -4.1962368033063502e-001
  1.3653370258021220e+000
 -4.0016867688378932e-001
 -5.0336598450429742e-003
  3.8822317878742690e-001
 -1.3668622894856517e+000
  4.0885165573350341e-001
 -9.7138613119934025e-001
 -8.7598953221499389e-003
  9.7856659575799720e-001
 -4.1818349506180102e-001
  1.3649244675236882e+000
 -3.8175292815285589e-001
 -6.9524856809398961e-003
  3.8660764047405277e-001
 -1.3610056194137168e+000
  4.2023882465478085e-001
 -9.8618871434747768e-001
  1.9371841425584121e-002
  9.6724564070054619e-001
 -4.1688612828045224e-001
  1.3585297159348375e+000
 -3.9985123869201294e-001
 -2.3606810918400298e-003
  3.9240948515750274e-001
 -1.3667058196158812e+000
  3.9946717153321271e-001
 -9.7638600546831200e-001
  1.0274176577995143e-002
  9.8662009550093077e-001
 -4.2329868942459165e-001
  1.3638791407501683e+000
 -3.9339209062048008e-001
 -9.0100174745246539e-004
  3.8054320170646261e-001
 -1.3587180273659365e+000
  4.2990591056249045e-001
 -9.8077497955587878e-001
  1.1090150994367626e-002
  9.7259599586979362e-001
 -3.9791490674225771e-001
  1.3755788471955288e+000
 -3.8873808111415181e-001
  1.0404056378866054e-003
  3.7929469534507243e-001
 -1.3746753161130543e+000
  4.2331772640163090e-001
 -9.7724251799291750e-001
 -2.0479119638413387e-003
  9.7201222772698181e-001
 -4.2601466289794743e-001
  1.3712304031112863e+000
 -4.0257629701286513e-001
 -4.6424303825563316e-003
  3.9924026262226725e-001
 -1.3721556567054518e+000
  4.0694656887076641e-001
 -9.8296437771413003e-001
