  0.0000000000000000e+000
  9.5105651629515353e-001
  5.8778525229247325e-001
 -5.8778525229247303e-001
 -9.5105651629515364e-001
  6.4324905987065464e-016
  9.5105651629515353e-001
  5.8778525229247192e-001
 -5.8778525229247280e-001
 -9.5105651629515375e-001
  1.2864981197413093e-015
  9.5105651629515342e-001
  5.8778525229247358e-001
 -5.8778525229247258e-001
 -9.5105651629515264e-001
 -7.3478807948841188e-016
  9.5105651629515331e-001
  5.8778525229247380e-001
 -5.8778525229247247e-001
 -9.5105651629515275e-001
  2.5729962394826186e-015
  9.5105651629515320e-001
  5.8778525229247403e-001
 -5.8778525229247225e-001
 -9.5105651629515398e-001
 -1.2246467991473533e-015
  9.5105651629515320e-001
  5.8778525229246847e-001
 -5.8778525229247780e-001
 -9.5105651629515187e-001
 -1.4695761589768238e-015
  9.5105651629515309e-001
  5.8778525229247436e-001
 -5.8778525229247180e-001
 -9.5105651629515409e-001
 -1.7145055188062944e-015
  9.5105651629515298e-001
  5.8778525229247458e-001
 -5.8778525229247736e-001
 -9.5105651629515198e-001
  5.1459924789652371e-015
  9.5105651629515520e-001
  5.8778525229247480e-001
 -5.8778525229247147e-001
 -9.5105651629515420e-001
 -2.2043642384652358e-015
  9.5105651629515287e-001
  5.8778525229247502e-001
 -5.8778525229247125e-001
 -9.5105651629515431e-001
 -2.4492935982947065e-015
  9.5105651629515064e-001
  5.8778525229247514e-001
 -5.8778525229246525e-001
 -9.5105651629514998e-001
  4.4112043994768247e-015
  9.5105651629515708e-001
  5.8778525229246958e-001
 -5.8778525229248235e-001
 -9.5105651629515231e-001
 -2.9391523179536475e-015
  9.5105651629515486e-001
  5.8778525229247558e-001
 -5.8778525229247636e-001
 -9.5105651629515453e-001
  3.9213456798178833e-015
  9.5105651629515253e-001
  5.8778525229247003e-001
 -5.8778525229247047e-001
 -9.5105651629515242e-001
 -3.4290110376125889e-015
  9.5105651629515464e-001
  5.8778525229247602e-001
 -5.8778525229247602e-001
 -9.5105651629515464e-001
  3.4314869601589423e-015
  9.5105651629515686e-001
  5.8778525229247047e-001
 -5.8778525229248157e-001
 -9.5105651629515253e-001
  1.0291984957930474e-014
  9.5105651629515020e-001
  5.8778525229246492e-001
 -5.8778525229246403e-001
 -9.5105651629515486e-001
 -1.1269226474702003e-014
  9.5105651629515231e-001
  5.8778525229245937e-001
 -5.8778525229246958e-001
 -9.5105651629514831e-001
 -4.4087284769304716e-015
  9.5105651629515875e-001
  5.8778525229247680e-001
 -5.8778525229247514e-001
 -9.5105651629515497e-001
  2.4517695208410599e-015
  9.5105651629515209e-001
  5.8778525229247125e-001
 -5.8778525229246925e-001
 -9.5105651629515287e-001
 -4.8985871965894130e-015
  9.5105651629515420e-001
  5.8778525229248868e-001
 -5.8778525229248624e-001
 -9.5105651629515520e-001
  1.9619108011821185e-015
  9.5105651629514754e-001
  5.8778525229246015e-001
 -5.8778525229249179e-001
 -9.5105651629515298e-001
  8.8224087989536493e-015
  9.5105651629514965e-001
  5.8778525229245460e-001
 -5.8778525229247436e-001
 -9.5105651629515087e-001
 -1.2738802633678827e-014
  9.5105651629516064e-001
  5.8778525229247203e-001
 -5.8778525229247991e-001
 -9.5105651629515753e-001
 -5.8783046359072950e-015
  9.5105651629515398e-001
  5.8778525229246648e-001
 -5.8778525229246248e-001
 -9.5105651629515542e-001
  9.8219336186423597e-016
  9.5105651629515608e-001
  5.8778525229248391e-001
 -5.8778525229246803e-001
 -9.5105651629515331e-001
  7.8426913596357665e-015
  9.5105651629515819e-001
  5.8778525229247836e-001
 -5.8778525229247358e-001
 -9.5105651629515120e-001
  1.4703189357407298e-014
  9.5105651629515153e-001
  5.8778525229247280e-001
 -5.8778525229247913e-001
 -9.5105651629514909e-001
 -6.8580220752251778e-015
  9.5105651629515364e-001
  5.8778525229246725e-001
 -5.8778525229248468e-001
 -9.5105651629515575e-001
  2.4759225463534308e-018
  9.5105651629515575e-001
  5.8778525229246170e-001
 -5.8778525229246725e-001
 -9.5105651629515364e-001
  6.8629739203178846e-015
  9.5105651629515786e-001
  5.8778525229245615e-001
 -5.8778525229247280e-001
 -9.5105651629515153e-001
  1.3723471918089415e-014
  9.5105651629515997e-001
  5.8778525229247358e-001
 -5.8778525229247836e-001
 -9.5105651629515819e-001
  2.0583969915860948e-014
  9.5105651629516208e-001
  5.8778525229249101e-001
 -5.8778525229246092e-001
 -9.5105651629514731e-001
  2.7444467913632477e-014
  9.5105651629514665e-001
  5.8778525229248546e-001
 -5.8778525229246648e-001
 -9.5105651629514520e-001
 -2.2538452949404006e-014
  9.5105651629514876e-001
  5.8778525229247991e-001
 -5.8778525229249501e-001
 -9.5105651629514298e-001
 -1.5677954951632475e-014
  9.5105651629515087e-001
  5.8778525229247436e-001
 -5.8778525229250056e-001
 -9.5105651629515853e-001
 -8.8174569538609433e-015
  9.5105651629515298e-001
  5.8778525229244583e-001
 -5.8778525229246015e-001
 -9.5105651629515631e-001
 -1.9569589560894117e-015
  9.5105651629515520e-001
  5.8778525229248624e-001
 -5.8778525229246570e-001
 -9.5105651629515420e-001
  4.9035390416821198e-015
  9.5105651629514854e-001
  5.8778525229248069e-001
 -5.8778525229247125e-001
 -9.5105651629515209e-001
  1.1764037039453651e-014
  9.5105651629515064e-001
  5.8778525229247514e-001
 -5.8778525229247680e-001
 -9.5105651629514998e-001
 -9.7971743931788261e-015
  9.5105651629515275e-001
  5.8778525229246958e-001
 -5.8778525229248235e-001
 -9.5105651629516541e-001
  2.5485033034996715e-014
  9.5105651629516363e-001
  5.8778525229244105e-001
 -5.8778525229246492e-001
 -9.5105651629515453e-001
  3.9238216023642371e-015
  9.5105651629515697e-001
  5.8778525229250456e-001
 -5.8778525229244738e-001
 -9.5105651629514365e-001
  3.9206029030539778e-014
  9.5105651629516785e-001
  5.8778525229247602e-001
 -5.8778525229247602e-001
 -9.5105651629515031e-001
  1.7644817597907299e-014
  9.5105651629514365e-001
  5.8778525229249345e-001
 -5.8778525229250456e-001
 -9.5105651629513943e-001
 -3.9163938347251765e-015
  9.5105651629515453e-001
  5.8778525229246492e-001
 -5.8778525229248713e-001
 -9.5105651629516363e-001
 -2.5477605267357653e-014
  9.5105651629514787e-001
  5.8778525229243639e-001
 -5.8778525229246970e-001
 -9.5105651629515275e-001
  9.8046021608178859e-015
  9.5105651629515875e-001
  5.8778525229245382e-001
 -5.8778525229245215e-001
 -9.5105651629515942e-001
 -1.1756609271814590e-014
  9.5105651629516974e-001
  5.8778525229247125e-001
 -5.8778525229248069e-001
 -9.5105651629514854e-001
  2.3525598156360949e-014
  9.5105651629514543e-001
  5.8778525229248868e-001
 -5.8778525229246326e-001
 -9.5105651629515520e-001
  1.9643867237284719e-015
  9.5105651629515631e-001
  5.8778525229246015e-001
 -5.8778525229249179e-001
 -9.5105651629516186e-001
 -1.9596824708904003e-014
  9.5105651629514965e-001
  5.8778525229247758e-001
 -5.8778525229247436e-001
 -9.5105651629515087e-001
  1.5685382719271533e-014
  9.5105651629516064e-001
  5.8778525229244905e-001
 -5.8778525229245693e-001
 -9.5105651629515753e-001
 -5.8758287133609420e-015
  9.5105651629515398e-001
  5.8778525229246648e-001
 -5.8778525229248546e-001
 -9.5105651629514665e-001
  2.9406378714814596e-014
  9.5105651629514731e-001
  5.8778525229248391e-001
 -5.8778525229246803e-001
 -9.5105651629515331e-001
  7.8451672821821203e-015
  9.5105651629515819e-001
  5.8778525229245537e-001
 -5.8778525229249656e-001
 -9.5105651629514243e-001
 -1.3716044150450356e-014
  9.5105651629515153e-001
  5.8778525229247280e-001
 -5.8778525229247913e-001
 -9.5105651629514909e-001
  2.1566163277725183e-014
  9.5105651629516241e-001
  5.8778525229244427e-001
 -5.8778525229246170e-001
 -9.5105651629515575e-001
  4.9518450927068616e-018
  9.5105651629515575e-001
  5.8778525229246170e-001
 -5.8778525229249023e-001
 -9.5105651629514487e-001
  3.5287159273268247e-014
  9.5105651629514909e-001
  5.8778525229247913e-001
 -5.8778525229247280e-001
 -9.5105651629515153e-001
  1.3725947840635769e-014
  9.5105651629515997e-001
  5.8778525229245060e-001
 -5.8778525229250134e-001
 -9.5105651629514065e-001
 -7.8352635919967067e-015
  9.5105651629515331e-001
  5.8778525229246803e-001
 -5.8778525229248391e-001
 -9.5105651629516486e-001
  2.7446943836178831e-014
  9.5105651629516419e-001
  5.8778525229243950e-001
 -5.8778525229246648e-001
 -9.5105651629515398e-001
  5.8857324035463556e-015
  9.5105651629515753e-001
  5.8778525229250289e-001
 -5.8778525229244905e-001
 -9.5105651629514298e-001
  4.1167939831721897e-014
  9.5105651629516852e-001
  5.8778525229242840e-001
 -5.8778525229252354e-001
 -9.5105651629516730e-001
 -3.7236690461718594e-014
  9.5105651629514421e-001
  5.8778525229249179e-001
 -5.8778525229250611e-001
 -9.5105651629513877e-001
  5.4888935827264954e-014
  9.5105651629517274e-001
  5.8778525229250933e-001
 -5.8778525229244272e-001
 -9.5105651629516297e-001
 -2.3515694466175534e-014
  9.5105651629514854e-001
  5.8778525229243472e-001
 -5.8778525229251721e-001
 -9.5105651629513455e-001
 -4.5076905898808013e-014
  9.5105651629514187e-001
  5.8778525229249823e-001
 -5.8778525229245382e-001
 -9.5105651629515875e-001
 -9.7946984706324723e-015
  9.5105651629517030e-001
  5.8778525229242362e-001
 -5.8778525229252832e-001
 -9.5105651629516541e-001
 -3.1355909903264950e-014
  9.5105651629514609e-001
  5.8778525229248713e-001
 -5.8778525229246492e-001
 -9.5105651629515453e-001
  6.0769716385718604e-014
  9.5105651629517451e-001
  5.8778525229250456e-001
 -5.8778525229244738e-001
 -9.5105651629516119e-001
 -1.7634913907721887e-014
  9.5105651629515031e-001
  5.8778525229247602e-001
 -5.8778525229247602e-001
 -9.5105651629513277e-001
  7.4490712381261667e-014
  9.5105651629514365e-001
  5.8778525229249345e-001
 -5.8778525229245859e-001
 -9.5105651629515697e-001
 -3.9139179121788235e-015
  9.5105651629515453e-001
  5.8778525229246492e-001
 -5.8778525229253309e-001
 -9.5105651629516363e-001
 -2.5475129344811299e-014
  9.5105651629514787e-001
  5.8778525229248235e-001
 -5.8778525229246970e-001
 -9.5105651629515275e-001
  9.8070780833642397e-015
  9.5105651629515875e-001
  5.8778525229249978e-001
 -5.8778525229245215e-001
 -9.5105651629515942e-001
 -1.1754133349268238e-014
  9.5105651629515209e-001
  5.8778525229247125e-001
 -5.8778525229248069e-001
 -9.5105651629514854e-001
  2.3528074078907303e-014
  9.5105651629514543e-001
  5.8778525229248868e-001
 -5.8778525229246326e-001
 -9.5105651629515520e-001
  1.9668626462748253e-015
  9.5105651629515631e-001
  5.8778525229246015e-001
 -5.8778525229249179e-001
 -9.5105651629516186e-001
 -1.9594348786357652e-014
  9.5105651629514965e-001
  5.8778525229247758e-001
 -5.8778525229247436e-001
 -9.5105651629515087e-001
  1.5687858641817887e-014
  9.5105651629516064e-001
  5.8778525229244905e-001
 -5.8778525229241096e-001
 -9.5105651629515753e-001
  5.0970066069993429e-014
  9.5105651629515398e-001
  5.8778525229242051e-001
 -5.8778525229248546e-001
 -9.5105651629512911e-001
  2.9408854637360953e-014
  9.5105651629514731e-001
  5.8778525229252987e-001
 -5.8778525229246803e-001
 -9.5105651629513577e-001
  7.8476432047284741e-015
  9.5105651629517574e-001
  5.8778525229245537e-001
 -5.8778525229254264e-001
 -9.5105651629517751e-001
 -1.3713568227904002e-014
  9.5105651629513399e-001
  5.8778525229247280e-001
 -5.8778525229252510e-001
 -9.5105651629514909e-001
  7.8412058061079555e-014
  9.5105651629516241e-001
  5.8778525229239831e-001
 -5.8778525229241574e-001
 -9.5105651629515575e-001
 -5.6835991093168957e-014
  9.5105651629515575e-001
  5.8778525229241574e-001
 -5.8778525229249023e-001
 -9.5105651629512733e-001
  3.5289635195814597e-014
  9.5105651629514909e-001
  5.8778525229252510e-001
 -5.8778525229247280e-001
 -9.5105651629516907e-001
  1.3728423763182123e-014
  9.5105651629517751e-001
  5.8778525229245060e-001
 -5.8778525229254730e-001
 -9.5105651629514065e-001
 -7.8327876694503529e-015
  9.5105651629513577e-001
  5.8778525229246803e-001
 -5.8778525229243794e-001
 -9.5105651629514731e-001
  8.4292838619533206e-014
  9.5105651629516419e-001
  5.8778525229239353e-001
 -5.8778525229242051e-001
 -9.5105651629515398e-001
 -5.0955210534715306e-014
  9.5105651629515753e-001
  5.8778525229250289e-001
 -5.8778525229249501e-001
 -9.5105651629512544e-001
  4.1170415754268248e-014
  9.5105651629515087e-001
  5.8778525229252043e-001
 -5.8778525229247758e-001
 -9.5105651629516730e-001
  1.9609204321635772e-014
  9.5105651629514421e-001
  5.8778525229244583e-001
 -5.8778525229255207e-001
 -9.5105651629513877e-001
 -1.9520071109967049e-015
  9.5105651629513754e-001
  5.8778525229246326e-001
 -5.8778525229244272e-001
 -9.5105651629514543e-001
 -2.3513218543629180e-014
  9.5105651629516608e-001
  5.8778525229238876e-001
 -5.8778525229242529e-001
 -9.5105651629515209e-001
 -4.5074429976261656e-014
  9.5105651629515942e-001
  5.8778525229249823e-001
 -5.8778525229249978e-001
 -9.5105651629515875e-001
  4.7051196312721898e-014
  9.5105651629518784e-001
  5.8778525229251566e-001
 -5.8778525229248235e-001
 -9.5105651629516541e-001
  2.5489984880089419e-014
  9.5105651629514609e-001
  5.8778525229244105e-001
 -5.8778525229246492e-001
 -9.5105651629513699e-001
  3.9287734474569439e-015
  9.5105651629513943e-001
  5.8778525229245848e-001
 -5.8778525229244749e-001
 -9.5105651629514365e-001
 -1.7632437985175533e-014
  9.5105651629516785e-001
  5.8778525229247602e-001
 -5.8778525229243006e-001
 -9.5105651629515031e-001
 -3.9193649417808005e-014
  9.5105651629516119e-001
  5.8778525229249345e-001
 -5.8778525229250456e-001
 -9.5105651629515697e-001
  5.2931976871175542e-014
  9.5105651629515453e-001
  5.8778525229251088e-001
 -5.8778525229248713e-001
 -9.5105651629516363e-001
  3.1370765438543066e-014
  9.5105651629514787e-001
  5.8778525229243628e-001
 -5.8778525229246970e-001
 -9.5105651629513510e-001
  9.8095540059105919e-015
  9.5105651629514121e-001
  5.8778525229245382e-001
 -5.8778525229245215e-001
 -9.5105651629514187e-001
 -1.1751657426721884e-014
  9.5105651629516974e-001
  5.8778525229247125e-001
 -5.8778525229243472e-001
 -9.5105651629514854e-001
 -3.3312868859354361e-014
  9.5105651629516308e-001
  5.8778525229248868e-001
 -5.8778525229250933e-001
 -9.5105651629515520e-001
  5.8812757429629192e-014
  9.5105651629515631e-001
  5.8778525229250611e-001
 -5.8778525229249179e-001
 -9.5105651629516186e-001
  3.7251545996996717e-014
  9.5105651629514965e-001
  5.8778525229243161e-001
 -5.8778525229247436e-001
 -9.5105651629513333e-001
  1.5690334564364241e-014
  9.5105651629514298e-001
  5.8778525229244905e-001
 -5.8778525229245693e-001
 -9.5105651629513999e-001
 -5.8708768682682352e-015
  9.5105651629517152e-001
  5.8778525229246648e-001
 -5.8778525229253153e-001
 -9.5105651629514665e-001
 -2.7432088300900711e-014
  9.5105651629516486e-001
  5.8778525229248391e-001
 -5.8778525229251410e-001
 -9.5105651629515331e-001
  6.4693537988082843e-014
  9.5105651629515819e-001
  5.8778525229250134e-001
 -5.8778525229249656e-001
 -9.5105651629515997e-001
  4.3132326555450367e-014
  9.5105651629515153e-001
  5.8778525229242684e-001
 -5.8778525229247913e-001
 -9.5105651629513155e-001
  2.1571115122817891e-014
  9.5105651629514487e-001
  5.8778525229244427e-001
 -5.8778525229246170e-001
 -9.5105651629513821e-001
  9.9036901854137233e-018
  9.5105651629517329e-001
  5.8778525229246170e-001
 -5.8778525229253620e-001
 -9.5105651629514487e-001
 -2.1551307742447064e-014
  9.5105651629516663e-001
  5.8778525229247913e-001
 -5.8778525229251877e-001
 -9.5105651629515153e-001
  7.0574318546536493e-014
  9.5105651629515997e-001
  5.8778525229249656e-001
 -5.8778525229250134e-001
 -9.5105651629515819e-001
  4.9013107113904017e-014
  9.5105651629515331e-001
  5.8778525229242207e-001
 -5.8778525229248391e-001
 -9.5105651629512966e-001
  2.7451895681271538e-014
  9.5105651629514665e-001
  5.8778525229243950e-001
 -5.8778525229246648e-001
 -9.5105651629513632e-001
  5.8906842486390624e-015
  9.5105651629517518e-001
  5.8778525229245693e-001
 -5.8778525229254097e-001
 -9.5105651629517818e-001
 -1.5670527183993413e-014
  9.5105651629516852e-001
  5.8778525229247436e-001
 -5.8778525229252354e-001
 -9.5105651629514965e-001
  7.6455099104990144e-014
  9.5105651629516186e-001
  5.8778525229249179e-001
 -5.8778525229241418e-001
 -9.5105651629515631e-001
  5.4893887672357661e-014
  9.5105651629515520e-001
  5.8778525229241729e-001
 -5.8778525229248868e-001
 -9.5105651629512789e-001
  3.3332676239725186e-014
  9.5105651629514854e-001
  5.8778525229252676e-001
 -5.8778525229247125e-001
 -9.5105651629513455e-001
  1.1771464807092711e-014
  9.5105651629517696e-001
  5.8778525229245215e-001
 -5.8778525229254575e-001
 -9.5105651629517629e-001
 -9.7897466255397647e-015
  9.5105651629513521e-001
  5.8778525229237766e-001
 -5.8778525229252832e-001
 -9.5105651629518295e-001
  8.2335879663443794e-014
  9.5105651629512855e-001
  5.8778525229239509e-001
 -5.8778525229241896e-001
 -9.5105651629511945e-001
 -5.2912169490804718e-014
  9.5105651629519206e-001
  5.8778525229241252e-001
 -5.8778525229240142e-001
 -9.5105651629512611e-001
 -7.4473380923437188e-014
  9.5105651629518539e-001
  5.8778525229252199e-001
 -5.8778525229256795e-001
 -9.5105651629516785e-001
 -9.6034592356069676e-014
  9.5105651629517873e-001
  5.8778525229253942e-001
 -5.8778525229255052e-001
 -9.5105651629517451e-001
  1.0977787165452991e-013
  9.5105651629513699e-001
  5.8778525229237288e-001
 -5.8778525229244116e-001
 -9.5105651629518118e-001
  8.8216660221897432e-014
  9.5105651629513033e-001
  5.8778525229239031e-001
 -5.8778525229242362e-001
 -9.5105651629511756e-001
 -4.7031388932351068e-014
  9.5105651629519394e-001
  5.8778525229249978e-001
 -5.8778525229240619e-001
 -9.5105651629512422e-001
 -6.8592600364983550e-014
  9.5105651629518728e-001
  5.8778525229251721e-001
 -5.8778525229257272e-001
 -9.5105651629516608e-001
 -9.0153811797616026e-014
  9.5105651629514543e-001
  5.8778525229253464e-001
 -5.8778525229255529e-001
 -9.5105651629517274e-001
  1.1565865221298356e-013
  9.5105651629513877e-001
  5.8778525229236811e-001
 -5.8778525229244583e-001
 -9.5105651629517940e-001
 -1.9589396941264945e-014
  9.5105651629513210e-001
  5.8778525229238554e-001
 -5.8778525229242840e-001
 -9.5105651629511578e-001
 -4.1150608373897417e-014
  9.5105651629519572e-001
  5.8778525229249501e-001
 -5.8778525229241096e-001
 -9.5105651629515753e-001
 -6.2711819806529899e-014
  9.5105651629518906e-001
  5.8778525229251244e-001
 -5.8778525229257750e-001
 -9.5105651629516419e-001
  1.4310064420406968e-013
  9.5105651629514731e-001
  5.8778525229252987e-001
 -5.8778525229246803e-001
 -9.5105651629517085e-001
  1.2153943277143721e-013
  9.5105651629514065e-001
  5.8778525229236334e-001
 -5.8778525229245060e-001
 -9.5105651629517751e-001
 -1.3708616382811296e-014
  9.5105651629513399e-001
  5.8778525229247280e-001
 -5.8778525229243317e-001
 -9.5105651629511401e-001
 -3.5269827815443773e-014
  9.5105651629519761e-001
  5.8778525229249023e-001
 -5.8778525229241574e-001
 -9.5105651629515575e-001
 -5.6831039248076249e-014
  9.5105651629515575e-001
  5.8778525229250767e-001
 -5.8778525229258227e-001
 -9.5105651629516241e-001
  1.4898142476252333e-013
  9.5105651629514909e-001
  5.8778525229252510e-001
 -5.8778525229247280e-001
 -9.5105651629516907e-001
  1.3733375608274829e-014
  9.5105651629514243e-001
  5.8778525229235867e-001
 -5.8778525229245537e-001
 -9.5105651629517574e-001
 -7.8278358243576469e-015
  9.5105651629513577e-001
  5.8778525229246803e-001
 -5.8778525229243794e-001
 -9.5105651629514731e-001
 -2.9389047256990123e-014
  9.5105651629519938e-001
  5.8778525229248546e-001
 -5.8778525229242051e-001
 -9.5105651629515398e-001
 -5.0950258689622599e-014
  9.5105651629515753e-001
  5.8778525229250289e-001
 -5.8778525229249501e-001
 -9.5105651629516064e-001
  1.5486220532097698e-013
  9.5105651629515087e-001
  5.8778525229252032e-001
 -5.8778525229247758e-001
 -9.5105651629516730e-001
  1.9614156166728479e-014
  9.5105651629514421e-001
  5.8778525229244583e-001
 -5.8778525229246015e-001
 -9.5105651629517396e-001
 -1.9470552659039981e-015
  9.5105651629513754e-001
  5.8778525229246326e-001
 -5.8778525229244272e-001
 -9.5105651629514543e-001
 -2.3508266698536476e-014
  9.5105651629516608e-001
  5.8778525229248069e-001
 -5.8778525229242529e-001
 -9.5105651629515209e-001
 -4.5069478131168948e-014
  9.5105651629515942e-001
  5.8778525229249823e-001
 -5.8778525229249978e-001
 -9.5105651629515875e-001
  4.7056148157814606e-014
  9.5105651629515275e-001
  5.8778525229251566e-001
 -5.8778525229248235e-001
 -9.5105651629516541e-001
  2.5494936725182127e-014
  9.5105651629514609e-001
  5.8778525229244105e-001
 -5.8778525229246492e-001
 -9.5105651629517207e-001
  3.9337252925496507e-015
  9.5105651629513943e-001
  5.8778525229245848e-001
 -5.8778525229244749e-001
 -9.5105651629514365e-001
 -1.7627486140082825e-014
  9.5105651629516785e-001
  5.8778525229247602e-001
 -5.8778525229243006e-001
 -9.5105651629515031e-001
 -3.9188697572715304e-014
  9.5105651629516119e-001
  5.8778525229249345e-001
 -5.8778525229250456e-001
 -9.5105651629515697e-001
  5.2936928716268250e-014
  9.5105651629515453e-001
  5.8778525229251088e-001
 -5.8778525229248713e-001
 -9.5105651629516363e-001
  3.1375717283635774e-014
  9.5105651629514787e-001
  5.8778525229243628e-001
 -5.8778525229246970e-001
 -9.5105651629513510e-001
  1.2350134357261933e-013
  9.5105651629510612e-001
  5.8778525229245382e-001
 -5.8778525229245215e-001
 -9.5105651629510668e-001
  1.0194013213998686e-013
  9.5105651629516974e-001
  5.8778525229247125e-001
 -5.8778525229243472e-001
 -9.5105651629511334e-001
 -1.4699475473587768e-013
  9.5105651629516308e-001
  5.8778525229248868e-001
 -5.8778525229260126e-001
 -9.5105651629512000e-001
  5.8817709274721906e-014
  9.5105651629515631e-001
  5.8778525229250611e-001
 -5.8778525229258383e-001
 -9.5105651629519694e-001
  3.7256497842089424e-014
  9.5105651629514965e-001
  5.8778525229233958e-001
 -5.8778525229256640e-001
 -9.5105651629513333e-001
  1.5695286409456948e-014
  9.5105651629514298e-001
  5.8778525229235701e-001
 -5.8778525229236500e-001
 -9.5105651629513999e-001
 -5.8659250231755284e-015
  9.5105651629520660e-001
  5.8778525229237444e-001
 -5.8778525229234757e-001
 -9.5105651629514665e-001
 -2.7427136455808003e-014
  9.5105651629519994e-001
  5.8778525229257583e-001
 -5.8778525229251410e-001
 -9.5105651629515331e-001
  1.7838532755479159e-013
  9.5105651629519328e-001
  5.8778525229259326e-001
 -5.8778525229249656e-001
 -9.5105651629515997e-001
  1.5682411612215911e-013
  9.5105651629511634e-001
  5.8778525229242684e-001
 -5.8778525229247913e-001
 -9.5105651629509635e-001
  1.3526290468952663e-013
  9.5105651629510968e-001
  5.8778525229244427e-001
 -5.8778525229246170e-001
 -9.5105651629510302e-001
 -1.1367198218633791e-013
  9.5105651629517329e-001
  5.8778525229246170e-001
 -5.8778525229244427e-001
 -9.5105651629510968e-001
 -1.3523319361897038e-013
  9.5105651629516663e-001
  5.8778525229247913e-001
 -5.8778525229261080e-001
 -9.5105651629518662e-001
  7.0579270391629194e-014
  9.5105651629515997e-001
  5.8778525229249656e-001
 -5.8778525229259337e-001
 -9.5105651629519328e-001
  4.9018058958996719e-014
  9.5105651629515331e-001
  5.8778525229233014e-001
 -5.8778525229239198e-001
 -9.5105651629512966e-001
  2.7456847526364246e-014
  9.5105651629514665e-001
  5.8778525229234746e-001
 -5.8778525229237455e-001
 -9.5105651629513632e-001
  5.8956360937317692e-015
  9.5105651629521026e-001
  5.8778525229254897e-001
 -5.8778525229254097e-001
 -9.5105651629514298e-001
 -1.5665575338900706e-014
  9.5105651629520360e-001
  5.8778525229256640e-001
 -5.8778525229252354e-001
 -9.5105651629514965e-001
  1.9014688867169889e-013
  9.5105651629512666e-001
  5.8778525229258383e-001
 -5.8778525229250611e-001
 -9.5105651629515631e-001
  1.6858567723906641e-013
  9.5105651629512000e-001
  5.8778525229241729e-001
 -5.8778525229248868e-001
 -9.5105651629509280e-001
 -8.0349209636798137e-014
  9.5105651629511334e-001
  5.8778525229243472e-001
 -5.8778525229247125e-001
 -9.5105651629509946e-001
 -1.0191042106943061e-013
  9.5105651629517696e-001
  5.8778525229245215e-001
 -5.8778525229263778e-001
 -9.5105651629517629e-001
 -1.2347163250206308e-013
  9.5105651629517030e-001
  5.8778525229246958e-001
 -5.8778525229262035e-001
 -9.5105651629518295e-001
  8.2340831508536495e-014
  9.5105651629516363e-001
  5.8778525229248713e-001
 -5.8778525229241896e-001
 -9.5105651629518961e-001
  6.0779620075904019e-014
  9.5105651629515697e-001
  5.8778525229232059e-001
 -5.8778525229240142e-001
 -9.5105651629512611e-001
  3.9218408643271543e-014
  9.5105651629515031e-001
  5.8778525229252199e-001
 -5.8778525229238399e-001
 -9.5105651629513277e-001
  1.7657197210639068e-014
  9.5105651629521393e-001
  5.8778525229253942e-001
 -5.8778525229255052e-001
 -9.5105651629513943e-001
 -3.9040142219934098e-015
  9.5105651629513699e-001
  5.8778525229255685e-001
 -5.8778525229253309e-001
 -9.5105651629514609e-001
  2.0190844978860616e-013
  9.5105651629513033e-001
  5.8778525229257428e-001
 -5.8778525229251566e-001
 -9.5105651629515275e-001
 -4.7026437087258360e-014
  9.5105651629512367e-001
  5.8778525229240774e-001
 -5.8778525229249823e-001
 -9.5105651629508914e-001
 -6.8587648519890836e-014
  9.5105651629511700e-001
  5.8778525229242518e-001
 -5.8778525229248080e-001
 -9.5105651629516608e-001
 -9.0148859952523312e-014
  9.5105651629518062e-001
  5.8778525229244272e-001
 -5.8778525229264722e-001
 -9.5105651629517274e-001
 -1.1171007138515579e-013
  9.5105651629517396e-001
  5.8778525229246015e-001
 -5.8778525229244583e-001
 -9.5105651629517940e-001
  9.4102392625443796e-014
  9.5105651629516730e-001
  5.8778525229229361e-001
 -5.8778525229242840e-001
 -9.5105651629518606e-001
  7.2541181192811320e-014
  9.5105651629516064e-001
  5.8778525229249501e-001
 -5.8778525229241096e-001
 -9.5105651629512244e-001
  5.0979969760178838e-014
  9.5105651629515398e-001
  5.8778525229251244e-001
 -5.8778525229239353e-001
 -9.5105651629512911e-001
  2.9418758327546362e-014
  9.5105651629514731e-001
  5.8778525229252987e-001
 -5.8778525229256007e-001
 -9.5105651629513577e-001
