  0.0000000000000000e+000
  5.8778525229247314e-001
  9.5105651629515353e-001
  9.5105651629515364e-001
  5.8778525229247325e-001
 -3.2162452993532732e-016
 -5.8778525229247303e-001
 -9.5105651629515375e-001
 -9.5105651629515364e-001
 -5.8778525229247336e-001
  6.4324905987065464e-016
  5.8778525229247292e-001
  9.5105651629515353e-001
  9.5105651629515364e-001
  5.8778525229247192e-001
  3.6739403974420594e-016
 -5.8778525229247280e-001
 -9.5105651629515342e-001
 -9.5105651629515375e-001
 -5.8778525229247203e-001
  1.2864981197413093e-015
  5.8778525229247269e-001
  9.5105651629515342e-001
  9.5105651629515375e-001
  5.8778525229247358e-001
  6.1232339957367663e-016
 -5.8778525229247258e-001
 -9.5105651629515442e-001
 -9.5105651629515264e-001
 -5.8778525229247081e-001
 -7.3478807948841188e-016
  5.8778525229247247e-001
  9.5105651629515331e-001
  9.5105651629515386e-001
  5.8778525229247380e-001
  8.5725275940314722e-016
 -5.8778525229247247e-001
 -9.5105651629515331e-001
 -9.5105651629515275e-001
 -5.8778525229247103e-001
  2.5729962394826186e-015
  5.8778525229247514e-001
  9.5105651629515320e-001
  9.5105651629515386e-001
  5.8778525229247403e-001
  1.1021821192326179e-015
 -5.8778525229247225e-001
 -9.5105651629515320e-001
 -9.5105651629515398e-001
 -5.8778525229247414e-001
 -1.2246467991473533e-015
  5.8778525229246925e-001
  9.5105651629515320e-001
  9.5105651629515509e-001
  5.8778525229246847e-001
 -2.2056021997384123e-015
 -5.8778525229247780e-001
 -9.5105651629515420e-001
 -9.5105651629515187e-001
 -5.8778525229247136e-001
 -1.4695761589768238e-015
  5.8778525229247480e-001
  9.5105651629515309e-001
  9.5105651629515298e-001
  5.8778525229247436e-001
 -1.9606728399089416e-015
 -5.8778525229247180e-001
 -9.5105651629515420e-001
 -9.5105651629515409e-001
 -5.8778525229247158e-001
 -1.7145055188062944e-015
  5.8778525229247458e-001
  9.5105651629515298e-001
  9.5105651629515298e-001
  5.8778525229247458e-001
 -1.7157434800794711e-015
 -5.8778525229247736e-001
 -9.5105651629515409e-001
 -9.5105651629515198e-001
 -5.8778525229247180e-001
  5.1459924789652371e-015
  5.8778525229246870e-001
  9.5105651629515520e-001
  9.5105651629515531e-001
  5.8778525229247480e-001
  5.6346132373510016e-015
 -5.8778525229247147e-001
 -9.5105651629515620e-001
 -9.5105651629515420e-001
 -5.8778525229246625e-001
 -2.2043642384652358e-015
  5.8778525229247991e-001
  9.5105651629515287e-001
  9.5105651629515320e-001
  5.8778525229247502e-001
 -1.2258847604205300e-015
 -5.8778525229247125e-001
 -9.5105651629515398e-001
 -9.5105651629515431e-001
 -5.8778525229247225e-001
 -2.4492935982947065e-015
  5.8778525229247403e-001
  9.5105651629515064e-001
  9.5105651629515109e-001
  5.8778525229247514e-001
 -9.8095540059105927e-016
 -5.8778525229246525e-001
 -9.5105651629515608e-001
 -9.5105651629514998e-001
 -5.8778525229247247e-001
  4.4112043994768247e-015
  5.8778525229246803e-001
  9.5105651629515708e-001
  9.5105651629515331e-001
  5.8778525229246958e-001
  6.3694013168394133e-015
 -5.8778525229248235e-001
 -9.5105651629515375e-001
 -9.5105651629515231e-001
 -5.8778525229247836e-001
 -2.9391523179536475e-015
  5.8778525229247358e-001
  9.5105651629515486e-001
  9.5105651629515564e-001
  5.8778525229247558e-001
 -4.9109668093211799e-016
 -5.8778525229247636e-001
 -9.5105651629515153e-001
 -9.5105651629515453e-001
 -5.8778525229247280e-001
  3.9213456798178833e-015
  5.8778525229247913e-001
  9.5105651629515253e-001
  9.5105651629515353e-001
  5.8778525229247003e-001
 -7.3515946787036491e-015
 -5.8778525229247047e-001
 -9.5105651629515364e-001
 -9.5105651629515242e-001
 -5.8778525229246725e-001
 -3.4290110376125889e-015
  5.8778525229247325e-001
  9.5105651629515464e-001
  9.5105651629515131e-001
  5.8778525229247602e-001
 -1.2379612731767154e-018
 -5.8778525229247602e-001
 -9.5105651629515575e-001
 -9.5105651629515464e-001
 -5.8778525229247325e-001
  3.4314869601589423e-015
  5.8778525229247880e-001
  9.5105651629515686e-001
  9.5105651629515364e-001
  5.8778525229247047e-001
 -6.8617359590447077e-015
 -5.8778525229248157e-001
 -9.5105651629515353e-001
 -9.5105651629515253e-001
 -5.8778525229247913e-001
  1.0291984957930474e-014
  5.8778525229248435e-001
  9.5105651629515020e-001
  9.5105651629515586e-001
  5.8778525229246492e-001
 -1.3722233956816238e-014
 -5.8778525229246403e-001
 -9.5105651629515120e-001
 -9.5105651629515486e-001
 -5.8778525229246215e-001
 -1.1269226474702003e-014
  5.8778525229246692e-001
  9.5105651629515231e-001
  9.5105651629514942e-001
  5.8778525229245937e-001
  7.8389774758162374e-015
 -5.8778525229246958e-001
 -9.5105651629515331e-001
 -9.5105651629514831e-001
 -5.8778525229247958e-001
 -4.4087284769304716e-015
  5.8778525229247247e-001
  9.5105651629515875e-001
  9.5105651629515608e-001
  5.8778525229247680e-001
  9.7847947804470586e-016
 -5.8778525229247514e-001
 -9.5105651629515109e-001
 -9.5105651629515497e-001
 -5.8778525229247403e-001
  2.4517695208410599e-015
  5.8778525229246648e-001
  9.5105651629515209e-001
  9.5105651629515398e-001
  5.8778525229247125e-001
 -5.8820185197268257e-015
 -5.8778525229246925e-001
 -9.5105651629515320e-001
 -9.5105651629515287e-001
 -5.8778525229246847e-001
 -4.8985871965894130e-015
  5.8778525229247203e-001
  9.5105651629515420e-001
  9.5105651629515187e-001
  5.8778525229248868e-001
 -1.2742516517498357e-014
 -5.8778525229248624e-001
 -9.5105651629515964e-001
 -9.5105651629515520e-001
 -5.8778525229247436e-001
  1.9619108011821185e-015
  5.8778525229247758e-001
  9.5105651629514754e-001
  9.5105651629515853e-001
  5.8778525229246015e-001
 -1.9603014515269889e-014
 -5.8778525229249179e-001
 -9.5105651629515298e-001
 -9.5105651629515298e-001
 -5.8778525229246881e-001
  8.8224087989536493e-015
  5.8778525229246015e-001
  9.5105651629514965e-001
  9.5105651629514754e-001
  5.8778525229245460e-001
  1.9581969173625882e-015
 -5.8778525229247436e-001
 -9.5105651629515520e-001
 -9.5105651629515087e-001
 -5.8778525229248624e-001
 -1.2738802633678827e-014
  5.8778525229246570e-001
  9.5105651629516064e-001
  9.5105651629515420e-001
  5.8778525229247203e-001
 -4.9023010804089429e-015
 -5.8778525229247991e-001
 -9.5105651629515731e-001
 -9.5105651629515753e-001
 -5.8778525229248069e-001
 -5.8783046359072950e-015
  5.8778525229249423e-001
  9.5105651629515398e-001
  9.5105651629515209e-001
  5.8778525229246648e-001
 -1.1762799078180474e-014
 -5.8778525229246248e-001
 -9.5105651629515064e-001
 -9.5105651629515542e-001
 -5.8778525229247514e-001
  9.8219336186423597e-016
  5.8778525229247680e-001
  9.5105651629515608e-001
  9.5105651629514998e-001
  5.8778525229248391e-001
  9.7984123544520014e-015
 -5.8778525229246803e-001
 -9.5105651629515275e-001
 -9.5105651629515331e-001
 -5.8778525229246958e-001
  7.8426913596357665e-015
  5.8778525229248235e-001
  9.5105651629515819e-001
  9.5105651629515664e-001
  5.8778525229247836e-001
  2.9379143566804710e-015
 -5.8778525229247358e-001
 -9.5105651629515486e-001
 -9.5105651629515120e-001
 -5.8778525229246403e-001
  1.4703189357407298e-014
  5.8778525229246492e-001
  9.5105651629515153e-001
  9.5105651629515453e-001
  5.8778525229247280e-001
 -3.9225836410910602e-015
 -5.8778525229247913e-001
 -9.5105651629515697e-001
 -9.5105651629514909e-001
 -5.8778525229245848e-001
 -6.8580220752251778e-015
  5.8778525229247047e-001
  9.5105651629515364e-001
  9.5105651629515242e-001
  5.8778525229246725e-001
 -1.0783081638862592e-014
 -5.8778525229248468e-001
 -9.5105651629515908e-001
 -9.5105651629515575e-001
 -5.8778525229247602e-001
  2.4759225463534308e-018
  5.8778525229247602e-001
  9.5105651629515575e-001
  9.5105651629515031e-001
  5.8778525229246170e-001
 -1.7643579636634123e-014
 -5.8778525229246725e-001
 -9.5105651629515242e-001
 -9.5105651629515364e-001
 -5.8778525229247047e-001
  6.8629739203178846e-015
  5.8778525229248157e-001
  9.5105651629515786e-001
  9.5105651629514820e-001
  5.8778525229245615e-001
  3.9176317959983534e-015
 -5.8778525229247280e-001
 -9.5105651629515453e-001
 -9.5105651629515153e-001
 -5.8778525229248790e-001
  1.3723471918089415e-014
  5.8778525229248713e-001
  9.5105651629515997e-001
  9.5105651629515486e-001
  5.8778525229247358e-001
 -2.9428662017731778e-015
 -5.8778525229247836e-001
 -9.5105651629514787e-001
 -9.5105651629515819e-001
 -5.8778525229245937e-001
  2.0583969915860948e-014
  5.8778525229249268e-001
  9.5105651629516208e-001
  9.5105651629514398e-001
  5.8778525229249101e-001
  1.8618345230859297e-014
 -5.8778525229246092e-001
 -9.5105651629514998e-001
 -9.5105651629514731e-001
 -5.8778525229245382e-001
  2.7444467913632477e-014
  5.8778525229249823e-001
  9.5105651629514665e-001
  9.5105651629515942e-001
  5.8778525229248546e-001
  1.1757847233087767e-014
 -5.8778525229246648e-001
 -9.5105651629516086e-001
 -9.5105651629514520e-001
 -5.8778525229244827e-001
 -2.2538452949404006e-014
  5.8778525229245771e-001
  9.5105651629514876e-001
  9.5105651629515731e-001
  5.8778525229247991e-001
  4.8973492353162361e-015
 -5.8778525229249501e-001
 -9.5105651629516297e-001
 -9.5105651629514298e-001
 -5.8778525229248868e-001
 -1.5677954951632475e-014
  5.8778525229246326e-001
  9.5105651629515087e-001
  9.5105651629515520e-001
  5.8778525229247436e-001
 -3.0384858192859302e-014
 -5.8778525229250056e-001
 -9.5105651629514754e-001
 -9.5105651629515853e-001
 -5.8778525229248313e-001
 -8.8174569538609433e-015
  5.8778525229246881e-001
  9.5105651629515298e-001
  9.5105651629515298e-001
  5.8778525229244583e-001
 -3.7245356190630834e-014
 -5.8778525229246015e-001
 -9.5105651629514965e-001
 -9.5105651629515631e-001
 -5.8778525229247758e-001
 -1.9569589560894117e-015
  5.8778525229247436e-001
  9.5105651629515520e-001
  9.5105651629514210e-001
  5.8778525229248624e-001
  1.2737564672405650e-014
 -5.8778525229246570e-001
 -9.5105651629515187e-001
 -9.5105651629515420e-001
 -5.8778525229247203e-001
  4.9035390416821198e-015
  5.8778525229247991e-001
  9.5105651629514854e-001
  9.5105651629515753e-001
  5.8778525229248069e-001
  5.8770666746341189e-015
 -5.8778525229247125e-001
 -9.5105651629515398e-001
 -9.5105651629515209e-001
 -5.8778525229246648e-001
  1.1764037039453651e-014
  5.8778525229246248e-001
  9.5105651629515064e-001
  9.5105651629515542e-001
  5.8778525229247514e-001
 -9.8343132313741267e-016
 -5.8778525229247680e-001
 -9.5105651629515608e-001
 -9.5105651629514998e-001
 -5.8778525229248391e-001
 -9.7971743931788261e-015
  5.8778525229246803e-001
  9.5105651629515275e-001
  9.5105651629515331e-001
  5.8778525229246958e-001
 -7.8439293209089434e-015
 -5.8778525229248235e-001
 -9.5105651629515819e-001
 -9.5105651629516541e-001
 -5.8778525229247836e-001
  2.5485033034996715e-014
  5.8778525229247358e-001
  9.5105651629516363e-001
  9.5105651629515120e-001
  5.8778525229244105e-001
 -1.4704427318680477e-014
 -5.8778525229246492e-001
 -9.5105651629514276e-001
 -9.5105651629515453e-001
 -5.8778525229244982e-001
  3.9238216023642371e-015
  5.8778525229250211e-001
  9.5105651629515697e-001
  9.5105651629514032e-001
  5.8778525229250456e-001
  6.8567841139520009e-015
 -5.8778525229244738e-001
 -9.5105651629515364e-001
 -9.5105651629514365e-001
 -5.8778525229246725e-001
  3.9206029030539778e-014
  5.8778525229248468e-001
  9.5105651629516785e-001
  9.5105651629516452e-001
  5.8778525229247602e-001
  2.8417995546584478e-014
 -5.8778525229247602e-001
 -9.5105651629516452e-001
 -9.5105651629515031e-001
 -5.8778525229243872e-001
  1.7644817597907299e-014
  5.8778525229246725e-001
  9.5105651629514365e-001
  9.5105651629515364e-001
  5.8778525229249345e-001
 -6.8642118815910615e-015
 -5.8778525229250456e-001
 -9.5105651629515786e-001
 -9.5105651629513943e-001
 -5.8778525229245615e-001
 -3.9163938347251765e-015
  5.8778525229244982e-001
  9.5105651629515453e-001
  9.5105651629516030e-001
  5.8778525229246492e-001
 -4.2146419309766603e-014
 -5.8778525229248713e-001
 -9.5105651629516874e-001
 -9.5105651629516363e-001
 -5.8778525229247358e-001
 -2.5477605267357653e-014
  5.8778525229247836e-001
  9.5105651629514787e-001
  9.5105651629514942e-001
  5.8778525229243639e-001
 -2.0585207877134124e-014
 -5.8778525229246970e-001
 -9.5105651629514454e-001
 -9.5105651629515275e-001
 -5.8778525229249101e-001
  9.8046021608178859e-015
  5.8778525229246092e-001
  9.5105651629515875e-001
  9.5105651629513854e-001
  5.8778525229245382e-001
  9.7600355549835246e-016
 -5.8778525229245215e-001
 -9.5105651629515542e-001
 -9.5105651629515942e-001
 -5.8778525229246248e-001
 -1.1756609271814590e-014
  5.8778525229248946e-001
  9.5105651629516974e-001
  9.5105651629516275e-001
  5.8778525229247125e-001
  2.2537214988130828e-014
 -5.8778525229248069e-001
 -9.5105651629514876e-001
 -9.5105651629514854e-001
 -5.8778525229247991e-001
  2.3525598156360949e-014
  5.8778525229251799e-001
  9.5105651629514543e-001
  9.5105651629515187e-001
  5.8778525229248868e-001
 -1.2744992440044709e-014
 -5.8778525229246326e-001
 -9.5105651629515964e-001
 -9.5105651629515520e-001
 -5.8778525229245138e-001
  1.9643867237284719e-015
  5.8778525229245460e-001
  9.5105651629515631e-001
  9.5105651629515853e-001
  5.8778525229246015e-001
  8.8162189925877664e-015
 -5.8778525229249179e-001
 -9.5105651629515298e-001
 -9.5105651629516186e-001
 -5.8778525229246881e-001
 -1.9596824708904003e-014
  5.8778525229248313e-001
  9.5105651629514965e-001
  9.5105651629514754e-001
  5.8778525229247758e-001
 -2.6465988435587771e-014
 -5.8778525229247436e-001
 -9.5105651629514631e-001
 -9.5105651629515087e-001
 -5.8778525229248624e-001
  1.5685382719271533e-014
  5.8778525229246570e-001
  9.5105651629516064e-001
  9.5105651629515420e-001
  5.8778525229244905e-001
 -4.9047770029552959e-015
 -5.8778525229245693e-001
 -9.5105651629515731e-001
 -9.5105651629515753e-001
 -5.8778525229245771e-001
 -5.8758287133609420e-015
  5.8778525229249423e-001
  9.5105651629515398e-001
  9.5105651629516086e-001
  5.8778525229246648e-001
  1.6656434429677181e-014
 -5.8778525229248546e-001
 -9.5105651629515064e-001
 -9.5105651629514665e-001
 -5.8778525229247514e-001
  2.9406378714814596e-014
  5.8778525229247680e-001
  9.5105651629514731e-001
  9.5105651629514998e-001
  5.8778525229248391e-001
 -1.8625772998498358e-014
 -5.8778525229246803e-001
 -9.5105651629516152e-001
 -9.5105651629515331e-001
 -5.8778525229244660e-001
  7.8451672821821203e-015
  5.8778525229245937e-001
  9.5105651629515819e-001
  9.5105651629515664e-001
  5.8778525229245537e-001
  2.9354384341341176e-015
 -5.8778525229249656e-001
 -9.5105651629515486e-001
 -9.5105651629514243e-001
 -5.8778525229246403e-001
 -1.3716044150450356e-014
  5.8778525229248790e-001
  9.5105651629515153e-001
  9.5105651629514576e-001
  5.8778525229247280e-001
 -3.2346768994041421e-014
 -5.8778525229247913e-001
 -9.5105651629514820e-001
 -9.5105651629514909e-001
 -5.8778525229248157e-001
  2.1566163277725183e-014
  5.8778525229247047e-001
  9.5105651629516241e-001
  9.5105651629515242e-001
  5.8778525229244427e-001
 -1.0785557561408946e-014
 -5.8778525229246170e-001
 -9.5105651629515908e-001
 -9.5105651629515575e-001
 -5.8778525229245293e-001
  4.9518450927068616e-018
  5.8778525229249901e-001
  9.5105651629515575e-001
  9.5105651629514154e-001
  5.8778525229246170e-001
  1.0775653871223532e-014
 -5.8778525229249023e-001
 -9.5105651629515242e-001
 -9.5105651629514487e-001
 -5.8778525229247047e-001
  3.5287159273268247e-014
  5.8778525229248157e-001
  9.5105651629514909e-001
  9.5105651629514820e-001
  5.8778525229247913e-001
 -2.4506553556952009e-014
 -5.8778525229247280e-001
 -9.5105651629516330e-001
 -9.5105651629515153e-001
 -5.8778525229244183e-001
  1.3725947840635769e-014
  5.8778525229246403e-001
  9.5105651629515997e-001
  9.5105651629515486e-001
  5.8778525229245060e-001
 -2.9453421243195312e-015
 -5.8778525229250134e-001
 -9.5105651629515664e-001
 -9.5105651629514065e-001
 -5.8778525229250533e-001
 -7.8352635919967067e-015
  5.8778525229249268e-001
  9.5105651629515331e-001
  9.5105651629514398e-001
  5.8778525229246803e-001
 -3.8227549552495072e-014
 -5.8778525229248391e-001
 -9.5105651629514998e-001
 -9.5105651629516486e-001
 -5.8778525229247680e-001
  2.7446943836178831e-014
  5.8778525229247514e-001
  9.5105651629516419e-001
  9.5105651629515064e-001
  5.8778525229243950e-001
 -1.6666338119862593e-014
 -5.8778525229246648e-001
 -9.5105651629514332e-001
 -9.5105651629515398e-001
 -5.8778525229244827e-001
  5.8857324035463556e-015
  5.8778525229250378e-001
  9.5105651629515753e-001
  9.5105651629513965e-001
  5.8778525229250289e-001
  4.8948733127698823e-015
 -5.8778525229244905e-001
 -9.5105651629517185e-001
 -9.5105651629514298e-001
 -5.8778525229251166e-001
  4.1167939831721897e-014
  5.8778525229244027e-001
  9.5105651629516852e-001
  9.5105651629516397e-001
  5.8778525229242840e-001
  2.6456084745402359e-014
 -5.8778525229252354e-001
 -9.5105651629516519e-001
 -9.5105651629516730e-001
 -5.8778525229243717e-001
 -3.7236690461718594e-014
  5.8778525229251488e-001
  9.5105651629514421e-001
  9.5105651629513543e-001
  5.8778525229249179e-001
  4.8017296178034838e-014
 -5.8778525229250611e-001
 -9.5105651629514087e-001
 -9.5105651629513877e-001
 -5.8778525229250056e-001
  5.4888935827264954e-014
  5.8778525229245138e-001
  9.5105651629517274e-001
  9.5105651629515964e-001
  5.8778525229250933e-001
 -4.4108330110948716e-014
 -5.8778525229244272e-001
 -9.5105651629516941e-001
 -9.5105651629516297e-001
 -5.8778525229242606e-001
 -2.3515694466175534e-014
  5.8778525229252598e-001
  9.5105651629514854e-001
  9.5105651629516630e-001
  5.8778525229243472e-001
  3.4296300182491775e-014
 -5.8778525229251721e-001
 -9.5105651629514520e-001
 -9.5105651629513455e-001
 -5.8778525229248946e-001
 -4.5076905898808013e-014
  5.8778525229246248e-001
  9.5105651629514187e-001
  9.5105651629513788e-001
  5.8778525229249823e-001
 -5.7829326106491779e-014
 -5.8778525229245382e-001
 -9.5105651629517363e-001
 -9.5105651629515875e-001
 -5.8778525229250689e-001
 -9.7946984706324723e-015
  5.8778525229244505e-001
  9.5105651629517030e-001
  9.5105651629516208e-001
  5.8778525229242362e-001
  2.0575304186948709e-014
 -5.8778525229252832e-001
 -9.5105651629514942e-001
 -9.5105651629516541e-001
 -5.8778525229247836e-001
 -3.1355909903264950e-014
  5.8778525229251954e-001
  9.5105651629514609e-001
  9.5105651629513366e-001
  5.8778525229248713e-001
 -7.1550322102034842e-014
 -5.8778525229246492e-001
 -9.5105651629514276e-001
 -9.5105651629515453e-001
 -5.8778525229249579e-001
  6.0769716385718604e-014
  5.8778525229245615e-001
  9.5105651629517451e-001
  9.5105651629515786e-001
  5.8778525229250456e-001
  6.8543081914056479e-015
 -5.8778525229244738e-001
 -9.5105651629515364e-001
 -9.5105651629516119e-001
 -5.8778525229242129e-001
 -1.7634913907721887e-014
  5.8778525229253065e-001
  9.5105651629515031e-001
  9.5105651629516452e-001
  5.8778525229247602e-001
  2.8415519624038125e-014
 -5.8778525229247602e-001
 -9.5105651629514698e-001
 -9.5105651629513277e-001
 -5.8778525229248468e-001
  7.4490712381261667e-014
  5.8778525229246725e-001
  9.5105651629514365e-001
  9.5105651629515364e-001
  5.8778525229249345e-001
 -6.8666878041374145e-015
 -5.8778525229245859e-001
 -9.5105651629517540e-001
 -9.5105651629515697e-001
 -5.8778525229250211e-001
 -3.9139179121788235e-015
  5.8778525229244982e-001
  9.5105651629515453e-001
  9.5105651629516030e-001
  5.8778525229246492e-001
  1.4694523628495061e-014
 -5.8778525229253309e-001
 -9.5105651629515120e-001
 -9.5105651629516363e-001
 -5.8778525229247358e-001
 -2.5475129344811299e-014
  5.8778525229247836e-001
  9.5105651629514787e-001
  9.5105651629514942e-001
  5.8778525229248235e-001
 -7.7431102660488492e-014
 -5.8778525229246970e-001
 -9.5105651629514454e-001
 -9.5105651629515275e-001
 -5.8778525229249101e-001
  9.8070780833642397e-015
  5.8778525229246092e-001
  9.5105651629515875e-001
  9.5105651629515608e-001
  5.8778525229249978e-001
  9.7352763295199905e-016
 -5.8778525229245215e-001
 -9.5105651629515542e-001
 -9.5105651629515942e-001
 -5.8778525229246248e-001
 -1.1754133349268238e-014
  5.8778525229248946e-001
  9.5105651629515209e-001
  9.5105651629516275e-001
  5.8778525229247125e-001
  2.2534739065584474e-014
 -5.8778525229248069e-001
 -9.5105651629514876e-001
 -9.5105651629514854e-001
 -5.8778525229247991e-001
  2.3528074078907303e-014
  5.8778525229247203e-001
  9.5105651629514543e-001
  9.5105651629515187e-001
  5.8778525229248868e-001
 -1.2747468362591063e-014
 -5.8778525229246326e-001
 -9.5105651629515964e-001
 -9.5105651629515520e-001
 -5.8778525229249734e-001
  1.9668626462748253e-015
  5.8778525229245460e-001
  9.5105651629515631e-001
  9.5105651629515853e-001
  5.8778525229246015e-001
  8.8137430700414126e-015
 -5.8778525229249179e-001
 -9.5105651629515298e-001
 -9.5105651629516186e-001
 -5.8778525229246881e-001
 -1.9594348786357652e-014
  5.8778525229248313e-001
  9.5105651629514965e-001
  9.5105651629514754e-001
  5.8778525229247758e-001
 -2.6468464358134125e-014
 -5.8778525229247436e-001
 -9.5105651629514631e-001
 -9.5105651629515087e-001
 -5.8778525229248624e-001
  1.5687858641817887e-014
  5.8778525229246570e-001
  9.5105651629516064e-001
  9.5105651629515420e-001
  5.8778525229244905e-001
 -6.1750671786309667e-014
 -5.8778525229241096e-001
 -9.5105651629515731e-001
 -9.5105651629515753e-001
 -5.8778525229241174e-001
  5.0970066069993429e-014
  5.8778525229249423e-001
  9.5105651629515398e-001
  9.5105651629516086e-001
  5.8778525229242051e-001
  7.3497377367938839e-014
 -5.8778525229248546e-001
 -9.5105651629515064e-001
 -9.5105651629512911e-001
 -5.8778525229242917e-001
  2.9408854637360953e-014
  5.8778525229247680e-001
  9.5105651629514731e-001
  9.5105651629513244e-001
  5.8778525229252987e-001
 -1.8628248921044712e-014
 -5.8778525229246803e-001
 -9.5105651629517907e-001
 -9.5105651629513577e-001
 -5.8778525229244660e-001
  7.8476432047284741e-015
  5.8778525229245937e-001
  9.5105651629517574e-001
  9.5105651629517418e-001
  5.8778525229245537e-001
  2.9329625115877642e-015
 -5.8778525229254264e-001
 -9.5105651629517240e-001
 -9.5105651629517751e-001
 -5.8778525229246403e-001
 -1.3713568227904002e-014
  5.8778525229253387e-001
  9.5105651629513399e-001
  9.5105651629514576e-001
  5.8778525229247280e-001
 -8.9192663777395793e-014
 -5.8778525229252510e-001
 -9.5105651629513066e-001
 -9.5105651629514909e-001
 -5.8778525229248157e-001
  7.8412058061079555e-014
  5.8778525229242451e-001
  9.5105651629516241e-001
  9.5105651629515242e-001
  5.8778525229239831e-001
 -6.7631452344763317e-014
 -5.8778525229241574e-001
 -9.5105651629515908e-001
 -9.5105651629515575e-001
 -5.8778525229240697e-001
 -5.6835991093168957e-014
  5.8778525229249901e-001
  9.5105651629515575e-001
  9.5105651629515908e-001
  5.8778525229241574e-001
  6.7616596809485188e-014
 -5.8778525229249023e-001
 -9.5105651629515242e-001
 -9.5105651629512733e-001
 -5.8778525229251644e-001
  3.5289635195814597e-014
  5.8778525229248157e-001
  9.5105651629514909e-001
  9.5105651629513066e-001
  5.8778525229252510e-001
 -2.4509029479498359e-014
 -5.8778525229247280e-001
 -9.5105651629518084e-001
 -9.5105651629516907e-001
 -5.8778525229244183e-001
  1.3728423763182123e-014
  5.8778525229246414e-001
  9.5105651629517751e-001
  9.5105651629517240e-001
  5.8778525229245060e-001
 -2.9478180468658846e-015
 -5.8778525229254730e-001
 -9.5105651629513910e-001
 -9.5105651629514065e-001
 -5.8778525229245937e-001
 -7.8327876694503529e-015
  5.8778525229253864e-001
  9.5105651629513577e-001
  9.5105651629514398e-001
  5.8778525229246803e-001
 -9.5073444335849444e-014
 -5.8778525229243794e-001
 -9.5105651629513244e-001
 -9.5105651629514731e-001
 -5.8778525229247680e-001
  8.4292838619533206e-014
  5.8778525229242917e-001
  9.5105651629516419e-001
  9.5105651629515064e-001
  5.8778525229239353e-001
  4.0174604818399068e-014
 -5.8778525229242051e-001
 -9.5105651629516086e-001
 -9.5105651629515398e-001
 -5.8778525229240219e-001
 -5.0955210534715306e-014
  5.8778525229250378e-001
  9.5105651629515753e-001
  9.5105651629512211e-001
  5.8778525229250289e-001
  6.1735816251031538e-014
 -5.8778525229249501e-001
 -9.5105651629515420e-001
 -9.5105651629512544e-001
 -5.8778525229251166e-001
  4.1170415754268248e-014
  5.8778525229248624e-001
  9.5105651629515087e-001
  9.5105651629516397e-001
  5.8778525229252043e-001
 -3.0389810037952010e-014
 -5.8778525229247758e-001
 -9.5105651629518273e-001
 -9.5105651629516730e-001
 -5.8778525229243717e-001
  1.9609204321635772e-014
  5.8778525229246881e-001
  9.5105651629514421e-001
  9.5105651629517063e-001
  5.8778525229244583e-001
 -8.8285986053195338e-015
 -5.8778525229255207e-001
 -9.5105651629514087e-001
 -9.5105651629513877e-001
 -5.8778525229245460e-001
 -1.9520071109967049e-015
  5.8778525229245138e-001
  9.5105651629513754e-001
  9.5105651629514210e-001
  5.8778525229246326e-001
 -1.0095422489430308e-013
 -5.8778525229244272e-001
 -9.5105651629513421e-001
 -9.5105651629514543e-001
 -5.8778525229247203e-001
 -2.3513218543629180e-014
  5.8778525229243395e-001
  9.5105651629516608e-001
  9.5105651629514876e-001
  5.8778525229238876e-001
  3.4293824259945418e-014
 -5.8778525229242529e-001
 -9.5105651629516275e-001
 -9.5105651629515209e-001
 -5.8778525229248946e-001
 -4.5074429976261656e-014
  5.8778525229250844e-001
  9.5105651629515942e-001
  9.5105651629512034e-001
  5.8778525229249823e-001
  5.5855035692577894e-014
 -5.8778525229249978e-001
 -9.5105651629515608e-001
 -9.5105651629515875e-001
 -5.8778525229250689e-001
  4.7051196312721898e-014
  5.8778525229249101e-001
  9.5105651629518784e-001
  9.5105651629516208e-001
  5.8778525229251566e-001
 -3.6270590596405660e-014
 -5.8778525229248235e-001
 -9.5105651629514942e-001
 -9.5105651629516541e-001
 -5.8778525229243239e-001
  2.5489984880089419e-014
  5.8778525229247358e-001
  9.5105651629514609e-001
  9.5105651629516874e-001
  5.8778525229244105e-001
 -1.4709379163773181e-014
 -5.8778525229246492e-001
 -9.5105651629514276e-001
 -9.5105651629513699e-001
 -5.8778525229244982e-001
