  0.0000000000000000e+000
  9.7678353006822516e-001
 -4.1674973291832956e-001
  1.3678062492134833e+000
 -3.8899827777575158e-001
  1.1900107607607110e-015
  3.8899827777575241e-001
 -1.3678062492134824e+000
  4.1674973291832917e-001
 -9.7678353006822449e-001
  3.0232705813920770e-015
  9.7678353006822582e-001
 -4.1674973291832984e-001
  1.3678062492134828e+000
 -3.8899827777575713e-001
 -1.3593579470535620e-015
  3.8899827777575330e-001
 -1.3678062492134835e+000
  4.1674973291832884e-001
 -9.7678353006822860e-001
  6.0465411627841540e-015
  9.7678353006822649e-001
 -4.1674973291833006e-001
  1.3678062492134826e+000
 -3.8899827777574986e-001
 -2.2655965784226034e-015
  3.8899827777575419e-001
 -1.3678062492134804e+000
  4.1674973291833295e-001
 -9.7678353006823304e-001
 -3.4535039735955356e-015
  9.7678353006822716e-001
 -4.1674973291833045e-001
  1.3678062492134824e+000
 -3.8899827777574897e-001
 -3.1718352097916444e-015
  3.8899827777575507e-001
 -1.3678062492134839e+000
  4.1674973291833273e-001
 -9.7678353006823238e-001
  1.2093082325568308e-014
  9.7678353006821805e-001
 -4.1674973291833078e-001
  1.3678062492134819e+000
 -3.8899827777574802e-001
 -4.0780738411606863e-015
  3.8899827777575596e-001
 -1.3678062492134841e+000
  4.1674973291832795e-001
 -9.7678353006822172e-001
 -5.7558399559925599e-015
  9.7678353006823837e-001
 -4.1674973291833106e-001
  1.3678062492134786e+000
 -3.8899827777577256e-001
  8.1607281390321260e-015
  3.8899827777573143e-001
 -1.3678062492134810e+000
  4.1674973291833645e-001
 -9.7678353006823082e-001
 -6.9070079471910712e-015
  9.7678353006821927e-001
 -4.1674973291833128e-001
  1.3678062492134850e+000
 -3.8899827777574630e-001
  7.2544895076630849e-015
  3.8899827777575768e-001
 -1.3678062492134813e+000
  4.1674973291832745e-001
 -9.7678353006823015e-001
 -8.0581759383895841e-015
  9.7678353006821994e-001
 -4.1674973291833167e-001
  1.3678062492134846e+000
 -3.8899827777574542e-001
  6.3482508762940439e-015
  3.8899827777573315e-001
 -1.3678062492134817e+000
  4.1674973291833584e-001
 -9.7678353006822949e-001
  2.4186164651136616e-014
  9.7678353006824037e-001
 -4.1674973291832323e-001
  1.3678062492134779e+000
 -3.8899827777574458e-001
 -2.0848068978198707e-014
  3.8899827777575940e-001
 -1.3678062492134753e+000
  4.1674973291832679e-001
 -9.7678353006824858e-001
 -1.0360511920786608e-014
  9.7678353006820173e-001
 -4.1674973291833217e-001
  1.3678062492134844e+000
 -3.8899827777574369e-001
  4.5357736135559610e-015
  3.8899827777576029e-001
 -1.3678062492134819e+000
  4.1674973291832657e-001
 -9.7678353006822816e-001
 -1.1511679911985120e-014
  9.7678353006822205e-001
 -4.1674973291834122e-001
  1.3678062492134906e+000
 -3.8899827777574286e-001
  3.6295349821869192e-015
  3.8899827777578666e-001
 -1.3678062492134755e+000
  4.1674973291834366e-001
 -9.7678353006822760e-001
  2.0732660677541074e-014
  9.7678353006824248e-001
 -4.1674973291831541e-001
  1.3678062492134837e+000
 -3.8899827777576745e-001
 -2.3566784872305828e-014
  3.8899827777571128e-001
 -1.3678062492134824e+000
  4.1674973291833461e-001
 -9.7678353006820717e-001
 -1.3814015894382142e-014
  9.7678353006822349e-001
 -4.1674973291832446e-001
  1.3678062492134770e+000
 -3.8899827777574103e-001
  1.8170577194488367e-015
  3.8899827777573759e-001
 -1.3678062492134893e+000
  4.1674973291832557e-001
 -9.7678353006822605e-001
  1.8430324695144052e-014
  9.7678353006820440e-001
 -4.1674973291833339e-001
  1.3678062492134833e+000
 -3.8899827777576557e-001
  2.7200900311203503e-014
  3.8899827777576385e-001
 -1.3678062492134828e+000
  4.1674973291833406e-001
 -9.7678353006824514e-001
 -1.6116351876779168e-014
  9.7678353006822471e-001
 -4.1674973291832507e-001
  1.3678062492134895e+000
 -3.8899827777573925e-001
  4.5804567107538475e-018
  3.8899827777573925e-001
 -1.3678062492134766e+000
  4.1674973291832507e-001
 -9.7678353006822471e-001
  1.6127988712747029e-014
  9.7678353006820584e-001
 -4.1674973291831663e-001
  1.3678062492134828e+000
 -3.8899827777576385e-001
  2.5388423048465417e-014
  3.8899827777571472e-001
 -1.3678062492134833e+000
  4.1674973291833339e-001
 -9.7678353006820440e-001
  4.8372329302273232e-014
  9.7678353006818674e-001
 -4.1674973291834311e-001
  1.3678062492134759e+000
 -3.8899827777578838e-001
  5.0772265640220077e-014
  3.8899827777579199e-001
 -1.3678062492134899e+000
  4.1674973291832446e-001
 -9.7678353006826280e-001
 -5.2965364431099411e-014
  9.7678353006824659e-001
 -4.1674973291833461e-001
  1.3678062492134957e+000
 -3.8899827777581292e-001
 -2.9004216660520078e-014
  3.8899827777576745e-001
 -1.3678062492134837e+000
  4.1674973291835027e-001
 -9.7678353006820307e-001
 -2.0721023841573217e-014
  9.7678353006822760e-001
 -4.1674973291830880e-001
  1.3678062492134755e+000
 -3.8899827777573581e-001
 -3.6203740687654115e-015
  3.8899827777574286e-001
 -1.3678062492134906e+000
  4.1674973291832379e-001
 -9.7678353006822216e-001
  1.1523316747952982e-014
  9.7678353006824792e-001
 -4.1674973291833528e-001
  1.3678062492134819e+000
 -3.8899827777576029e-001
  2.1763468522989256e-014
  3.8899827777576912e-001
 -1.3678062492134844e+000
  4.1674973291833217e-001
 -9.7678353006824103e-001
 -2.3023359823970239e-014
  9.7678353006822882e-001
 -4.1674973291832679e-001
  1.3678062492134884e+000
 -3.8899827777568319e-001
  4.7147311114743919e-014
  3.8899827777569373e-001
 -1.3678062492134648e+000
  4.1674973291832323e-001
 -9.7678353006822061e-001
  9.2209807655559577e-015
  9.7678353006820984e-001
 -4.1674973291835327e-001
  1.3678062492134684e+000
 -3.8899827777580942e-001
  7.2531153706498584e-014
  3.8899827777566920e-001
 -1.3678062492134846e+000
  4.1674973291833167e-001
 -9.7678353006823970e-001
  4.1465321355082148e-014
  9.7678353006826946e-001
 -4.1674973291834488e-001
  1.3678062492135008e+000
 -3.8899827777583396e-001
 -7.2453285942415765e-015
  3.8899827777574630e-001
 -1.3678062492134784e+000
  4.1674973291834005e-001
 -9.7678353006817997e-001
 -5.9872372378290488e-014
  9.7678353006825058e-001
 -4.1674973291830147e-001
  1.3678062492134810e+000
 -3.8899827777575685e-001
  1.8138513997513089e-014
  3.8899827777572177e-001
 -1.3678062492134719e+000
  4.1674973291831358e-001
 -9.7678353006819907e-001
 -2.7628031788764285e-014
  9.7678353006815288e-001
 -4.1674973291832795e-001
  1.3678062492134873e+000
 -3.8899827777578139e-001
  4.3522356589267761e-014
  3.8899827777579898e-001
 -1.3678062492134919e+000
  4.1674973291832207e-001
 -9.7678353006821805e-001
  4.6163088007619092e-015
  9.7678353006821261e-001
 -4.1674973291831957e-001
  1.3678062492134937e+000
 -3.8899827777570428e-001
 -3.6254125711472400e-014
  3.8899827777577439e-001
 -1.3678062492134857e+000
  4.1674973291833045e-001
 -9.7678353006823704e-001
  3.6860649390288103e-014
  9.7678353006819352e-001
 -4.1674973291831108e-001
  1.3678062492134739e+000
 -3.8899827777572871e-001
 -1.0870283119717742e-014
  3.8899827777574986e-001
 -1.3678062492134795e+000
  4.1674973291833894e-001
 -9.7678353006825602e-001
  6.9104989979814300e-014
  9.7678353006825325e-001
 -4.1674973291833772e-001
  1.3678062492134802e+000
 -3.8899827777575330e-001
  1.4513559472036922e-014
  3.8899827777572532e-001
 -1.3678062492134728e+000
  4.1674973291834733e-001
 -9.7678353006827501e-001
 -3.2232703753558336e-014
  9.7678353006823426e-001
 -4.1674973291832917e-001
  1.3678062492134866e+000
 -3.8899827777577783e-001
  3.9897402063791590e-014
  3.8899827777570073e-001
 -1.3678062492134666e+000
  4.1674973291832085e-001
 -9.7678353006821528e-001
  1.1636835967861125e-017
  9.7678353006821528e-001
 -4.1674973291832085e-001
  1.3678062492134928e+000
 -3.8899827777580243e-001
  6.5281244655546256e-014
  3.8899827777577783e-001
 -1.3678062492134866e+000
  4.1674973291832917e-001
 -9.7678353006823426e-001
  3.2255977425494058e-014
  9.7678353006819629e-001
 -4.1674973291831230e-001
  1.3678062492134992e+000
 -3.8899827777582696e-001
 -1.4495237645193908e-014
  3.8899827777575330e-001
 -1.3678062492134802e+000
  4.1674973291833772e-001
 -9.7678353006817453e-001
  6.4500318015020248e-014
  9.7678353006817731e-001
 -4.1674973291830397e-001
  1.3678062492134795e+000
 -3.8899827777574986e-001
  1.0888604946560758e-014
  3.8899827777572871e-001
 -1.3678062492134999e+000
  4.1674973291831119e-001
 -9.7678353006827234e-001
  9.6744658604546465e-014
  9.7678353006815832e-001
 -4.1674973291829553e-001
  1.3678062492135117e+000
 -3.8899827777567264e-001
 -6.8887877354179406e-014
  3.8899827777580598e-001
 -1.3678062492134937e+000
  4.1674973291835449e-001
 -9.7678353006829133e-001
  1.2898899919407266e-013
  9.7678353006813934e-001
 -4.1674973291835693e-001
  1.3678062492134657e+000
 -3.8899827777569718e-001
 -4.3504034762424735e-014
  3.8899827777578139e-001
 -1.3678062492134613e+000
  4.1674973291836293e-001
 -9.7678353006831031e-001
 -1.0593072886219882e-013
  9.7678353006827778e-001
 -4.1674973291834855e-001
  1.3678062492134719e+000
 -3.8899827777572177e-001
 -1.8120192170670072e-014
  3.8899827777565510e-001
 -1.3678062492134548e+000
  4.1674973291837136e-001
 -9.7678353006817187e-001
 -7.3686388272672631e-014
  9.7678353006825858e-001
 -4.1674973291834005e-001
  1.3678062492134784e+000
 -3.8899827777574630e-001
  1.1242397531357943e-013
  3.8899827777563051e-001
 -1.3678062492135008e+000
  4.1674973291830997e-001
 -9.7678353006819085e-001
 -4.1442047683146433e-014
  9.7678353006823970e-001
 -4.1674973291833167e-001
  1.3678062492134846e+000
 -3.8899827777587265e-001
  1.3780781790533409e-013
  3.8899827777580942e-001
 -1.3678062492134944e+000
  4.1674973291831841e-001
 -9.7678353006820984e-001
 -9.1977070936202348e-015
  9.7678353006822061e-001
 -4.1674973291832323e-001
  1.3678062492135172e+000
 -3.8899827777569373e-001
 -4.7128989287900905e-014
  3.8899827777578483e-001
 -1.3678062492134884e+000
  4.1674973291832679e-001
 -9.7678353006822882e-001
  2.3046633495905964e-014
  9.7678353006820173e-001
 -4.1674973291834971e-001
  1.3678062492134710e+000
 -3.8899827777571833e-001
 -2.1745146696146239e-014
  3.8899827777576029e-001
 -1.3678062492134819e+000
  4.1674973291833528e-001
 -9.7678353006824792e-001
  5.5290974085432164e-014
  9.7678353006826146e-001
 -4.1674973291834122e-001
  1.3678062492134775e+000
 -3.8899827777574286e-001
  3.6386958956084268e-015
  3.8899827777573570e-001
 -1.3678062492134755e+000
  4.1674973291834366e-001
 -9.7678353006818830e-001
 -4.6046719647940479e-014
  9.7678353006824248e-001
 -4.1674973291833284e-001
  1.3678062492134837e+000
 -3.8899827777576745e-001
  2.9022538487363092e-014
  3.8899827777571117e-001
 -1.3678062492134693e+000
  4.1674973291828232e-001
 -9.7678353006820717e-001
  1.1977965526448455e-013
  9.7678353006822349e-001
 -4.1674973291828948e-001
  1.3678062492134901e+000
 -3.8899827777589363e-001
  5.4406381079117763e-014
  3.8899827777578838e-001
 -1.3678062492135152e+000
  4.1674973291832557e-001
 -9.7678353006830487e-001
  1.8441961531111915e-014
  9.7678353006812568e-001
 -4.1674973291831596e-001
  1.3678062492135223e+000
 -3.8899827777561302e-001
 -2.5370101221622404e-014
  3.8899827777586554e-001
 -1.3678062492134828e+000
  4.1674973291836892e-001
 -9.7678353006824514e-001
  1.8426833644353696e-013
  9.7678353006818541e-001
 -4.1674973291827261e-001
  1.3678062492134502e+000
 -3.8899827777573925e-001
 -1.0514658352236256e-013
  3.8899827777573925e-001
 -1.3678062492134502e+000
  4.1674973291834244e-001
 -9.7678353006834295e-001
  8.2930642710164297e-014
  9.7678353006824514e-001
 -4.1674973291836892e-001
  1.3678062492134828e+000
 -3.8899827777566215e-001
  2.5397583961886927e-014
  3.8899827777561291e-001
 -1.3678062492134704e+000
  4.1674973291838580e-001
 -9.7678353006828322e-001
 -1.8407051023208327e-014
  9.7678353006830487e-001
 -4.1674973291832557e-001
  1.3678062492134631e+000
 -3.8899827777578838e-001
  1.5594175144613644e-013
  3.8899827777569018e-001
 -1.3678062492134377e+000
  4.1674973291828948e-001
 -9.7678353006822349e-001
 -1.1974474475658098e-013
  9.7678353006820717e-001
 -4.1674973291835204e-001
  1.3678062492134957e+000
 -3.8899827777591472e-001
  7.6165269145396258e-014
  3.8899827777576734e-001
 -1.3678062492135099e+000
  4.1674973291833284e-001
 -9.7678353006816376e-001
  4.6081630155844067e-014
  9.7678353006826690e-001
 -4.1674973291830880e-001
  1.3678062492135281e+000
 -3.8899827777583751e-001
 -3.6112131553439039e-015
  3.8899827777584450e-001
 -1.3678062492134775e+000
  4.1674973291830636e-001
 -9.7678353006826146e-001
 -5.5256063577528570e-014
  9.7678353006816909e-001
 -4.1674973291826539e-001
  1.3678062492134559e+000
 -3.8899827777576040e-001
 -8.3387695456084063e-014
  3.8899827777571833e-001
 -1.3678062492134972e+000
  4.1674973291834971e-001
 -9.7678353006820173e-001
  1.1057031133489646e-013
  9.7678353006807139e-001
 -4.1674973291836176e-001
  1.3678062492134884e+000
 -3.8899827777568319e-001
  4.7156472028165422e-014
  3.8899827777579543e-001
 -1.3678062492134648e+000
  4.1674973291832323e-001
 -9.7678353006829943e-001
